housing_costs_clipped_idw.asc
NCOLS 300
NROWS 300
XLLCORNER -74.3001
YLLCORNER 40.4664
DX 0.00214
DY 0.00154
NODATA_VALUE -9999
[rows 135 to 161 of 300, columns 60 to 119 of 300]
1441.0922 1441.3813 1441.6828 1441.9976 1442.3269 1442.6716 1443.0331 1443.4126 1443.8114 1444.2311 1444.6732 1445.1394 1445.6315 1446.1515 1446.7014 1447.2833 1447.8995 1448.5526 1449.2451 1449.9796 1450.7592 1451.5868 1452.4656 1453.399 1454.3907 1455.4442 1456.5636 1457.7531 1459.017 1460.36 1461.7871 1463.3033 1464.9143 1466.6259 1468.4443 1470.3763 1472.429 1474.6101 1476.9279 1479.3914 1482.0104 1484.7955 1487.7583 1490.9117 1494.2698 1497.8484 1501.665 1505.7393 1510.0932 1514.7517 1519.7434 1525.1006 1530.8607 1537.067 1543.7698 1551.0283 1558.9126 1567.5059 1576.9088 1587.2432
1441.2281 1441.5044 1441.7925 1442.0933 1442.4078 1442.737 1443.0823 1443.4448 1443.8258 1444.227 1444.6497 1445.0957 1445.5668 1446.0649 1446.592 1447.1503 1447.7422 1448.3699 1449.0363 1449.7439 1450.4956 1451.2946 1452.1441 1453.0473 1454.0079 1455.0297 1456.1166 1457.2728 1458.5027 1459.811 1461.2024 1462.6824 1464.2563 1465.9301 1467.7099 1469.6024 1471.6148 1473.7548 1476.0305 1478.4509 1481.0257 1483.7656 1486.682 1489.7879 1493.0974 1496.6261 1500.3916 1504.4135 1508.7142 1513.3186 1518.2556 1523.558 1529.2639 1535.4174 1542.0704 1549.2839 1557.1306 1565.698 1575.0921 1585.4431
1441.3661 1441.6293 1441.9036 1442.19 1442.4893 1442.8027 1443.1313 1443.4762 1443.839 1444.2209 1444.6236 1445.0487 1445.498 1445.9733 1446.4768 1447.0106 1447.5769 1448.1783 1448.8174 1449.4968 1450.2194 1450.9885 1451.807 1452.6786 1453.6066 1454.595 1455.6476 1456.7687 1457.9627 1459.2341 1460.588 1462.0296 1463.5642 1465.1978 1466.9365 1468.787 1470.7565 1472.8523 1475.0829 1477.457 1479.9843 1482.6753 1485.5416 1488.5957 1491.8519 1495.3257 1499.0346 1502.9982 1507.2388 1511.7816 1516.6555 1521.8937 1527.5347 1533.6234 1540.2125 1547.3648 1555.1554 1563.675 1573.0347 1583.3724
1441.5065 1441.7564 1442.0168 1442.2883 1442.5722 1442.8692 1443.1807 1443.5077 1443.8516 1444.2137 1444.5957 1444.9992 1445.4258 1445.8776 1446.3565 1446.8648 1447.4046 1447.9785 1448.5891 1449.2391 1449.9313 1450.669 1451.4552 1452.2935 1453.1874 1454.1407 1455.1573 1456.2415 1457.3976 1458.6303 1459.9446 1461.3455 1462.8386 1464.4297 1466.1249 1467.9308 1469.8546 1471.9036 1474.0861 1476.4107 1478.8871 1481.5257 1484.3378 1487.3361 1490.5344 1493.9483 1497.5951 1501.4944 1505.6683 1510.142 1514.9444 1520.1088 1525.6739 1531.6851 1538.1959 1545.2702 1552.9846 1561.4329 1570.7301 1581.0204
1441.6501 1441.8865 1442.1325 1442.389 1442.657 1442.9374 1443.2313 1443.5398 1443.8643 1444.2062 1444.5668 1444.9479 1445.3512 1445.7786 1446.2321 1446.7138 1447.2261 1447.7714 1448.3523 1448.9716 1449.6322 1450.337 1451.0895 1451.893 1452.7511 1453.6676 1454.6464 1455.6918 1456.8082 1458.0002 1459.2727 1460.6309 1462.0802 1463.6265 1465.2758 1467.0346 1468.91 1470.9094 1473.0408 1475.3129 1477.7351 1480.3177 1483.0719 1486.0101 1489.1461 1492.4952 1496.0746 1499.9036 1504.004 1508.4011 1513.1235 1518.2045 1523.6827 1529.6037 1536.0213 1542.9999 1550.6175 1558.9694 1568.1737 1578.3791
1441.7974 1442.02 1442.2514 1442.4927 1442.7445 1443.0078 1443.2838 1443.5734 1443.8781 1444.199 1444.5377 1444.8958 1445.275 1445.6771 1446.1043 1446.5586 1447.0423 1447.5579 1448.108 1448.6953 1449.3228 1449.9935 1450.7107 1451.4779 1452.2986 1453.1765 1454.1158 1455.1206 1456.1954 1457.3446 1458.5733 1459.8866 1461.2899 1462.789 1464.3899 1466.0991 1467.9236 1469.8705 1471.948 1474.1645 1476.5292 1479.0524 1481.7449 1484.6191 1487.6885 1490.968 1494.4746 1498.2273 1502.2478 1506.5609 1511.1949 1516.1828 1521.5631 1527.381 1533.6904 1540.5555 1548.0548 1556.2843 1565.3635 1575.4439
1441.9489 1442.1575 1442.3743 1442.5999 1442.8353 1443.0813 1443.339 1443.6093 1443.8936 1444.1931 1444.5092 1444.8436 1445.198 1445.5741 1445.9741 1446.4 1446.8541 1447.3389 1447.8569 1448.4111 1449.0042 1449.6393 1450.3198 1451.049 1451.8306 1452.6684 1453.5664 1454.5287 1455.5598 1456.6644 1457.8472 1459.1134 1460.4685 1461.9181 1463.4682 1465.1253 1466.8961 1468.788 1470.8087 1472.9666 1475.2707 1477.731 1480.3583 1483.1645 1486.1629 1489.3681 1492.7968 1496.4676 1500.4017 1504.6235 1509.1609 1514.0464 1519.3178 1525.02 1531.206 1537.9397 1545.299 1553.3795 1562.3006 1572.214
1442.1053 1442.2998 1442.5016 1442.7115 1442.9302 1443.1586 1443.3977 1443.6483 1443.9118 1444.1893 1444.4824 1444.7925 1445.1213 1445.4706 1445.8425 1446.239 1446.6625 1447.1153 1447.6002 1448.1199 1448.6772 1449.2754 1449.9176 1450.6074 1451.3483 1452.1442 1452.999 1453.917 1454.9025 1455.9603 1457.0951 1458.3121 1459.6167 1461.0145 1462.5115 1464.114 1465.8287 1467.6628 1469.6239 1471.7202 1473.9606 1476.3548 1478.9133 1481.6478 1484.571 1487.6975 1491.0433 1494.6266 1498.4682 1502.5917 1507.0245 1511.7983 1516.9502 1522.5241 1528.572 1535.1567 1542.3545 1550.2595 1558.9894 1568.6936
1442.2671 1442.4473 1442.6341 1442.8281 1443.03 1443.2406 1443.4607 1443.6913 1443.9336 1444.1887 1444.4581 1444.7432 1445.0458 1445.3675 1445.7105 1446.0767 1446.4685 1446.8884 1447.3389 1447.8228 1448.3431 1448.9028 1449.5053 1450.154 1450.8525 1451.6047 1452.4145 1453.2863 1454.2243 1455.2333 1456.318 1457.4837 1458.7355 1460.0792 1461.5206 1463.0661 1464.7221 1466.4958 1468.3946 1470.4265 1472.6002 1474.9251 1477.4115 1480.0705 1482.9148 1485.9582 1489.2163 1492.7069 1496.4499 1500.4684 1504.7889 1509.4422 1514.4644 1519.8979 1525.7934 1532.2119 1539.2275 1546.9314 1555.4378 1564.8916
1442.4349 1442.6009 1442.7726 1442.9505 1443.1354 1443.3279 1443.5289 1443.7392 1443.9599 1444.1922 1444.4374 1444.697 1444.9726 1445.2661 1445.5792 1445.9142 1446.2734 1446.6591 1447.074 1447.5209 1448.0028 1448.5226 1449.0838 1449.6898 1450.3443 1451.051 1451.814 1452.6376 1453.5262 1454.4843 1455.5168 1456.6289 1457.8257 1459.113 1460.4966 1461.9825 1463.5774 1465.2881 1467.122 1469.0867 1471.1908 1473.4434 1475.8544 1478.4346 1481.1961 1484.1523 1487.3183 1490.711 1494.3499 1498.257 1502.4579 1506.9824 1511.865 1517.1468 1522.8765 1529.1125 1535.9261 1543.4047 1551.6571 1560.8214
1442.6093 1442.761 1442.9176 1443.0795 1443.2472 1443.4216 1443.6032 1443.7929 1443.9917 1444.2008 1444.4214 1444.6549 1444.9029 1445.1673 1445.4498 1445.7527 1446.0782 1446.4287 1446.8068 1447.2154 1447.6574 1448.1359 1448.6543 1449.216 1449.8247 1450.4842 1451.1985 1451.972 1452.809 1453.7142 1454.6924 1455.7487 1456.8883 1458.1169 1459.4402 1460.8643 1462.3956 1464.0408 1465.8071 1467.702 1469.7338 1471.9111 1474.2436 1476.7416 1479.4169 1482.2821 1485.3516 1488.6419 1492.1713 1495.9611 1500.0357 1504.4234 1509.1575 1514.2769 1519.8281 1525.8668 1532.4603 1539.6911 1547.6617 1556.5012
1442.7909 1442.9284 1443.0699 1443.2157 1443.3663 1443.5224 1443.6845 1443.8534 1444.0301 1444.2156 1444.4111 1444.618 1444.8379 1445.0724 1445.3236 1445.5934 1445.8842 1446.1983 1446.5385 1446.9075 1447.3083 1447.744 1448.218 1448.7337 1449.2948 1449.9053 1450.5691 1451.2905 1452.0739 1452.9241 1453.8457 1454.844 1455.9242 1457.0917 1458.3524 1459.7122 1461.1775 1462.7547 1464.451 1466.2735 1468.2303 1470.3296 1472.5808 1474.9936 1477.5793 1480.3499 1483.3192 1486.5026 1489.9178 1493.5847 1497.5267 1501.7706 1506.3477 1511.2951 1516.6565 1522.4841 1528.8411 1535.8044 1543.4687 1551.9528
1442.9804 1443.1037 1443.2301 1443.3599 1443.4935 1443.6313 1443.7738 1443.9219 1444.0762 1444.2378 1444.4078 1444.5876 1444.7787 1444.9828 1445.2017 1445.4376 1445.6926 1445.9694 1446.2704 1446.5985 1446.9566 1447.3481 1447.776 1448.2441 1448.756 1449.3155 1449.9268 1450.5941 1451.3219 1452.1148 1452.9778 1453.9158 1454.9342 1456.0384 1457.2341 1458.5273 1459.9241 1461.431 1463.0547 1464.8024 1466.6817 1468.7005 1470.8676 1473.1925 1475.6855 1478.3583 1481.2238 1484.2964 1487.5929 1491.1321 1494.9358 1499.0293 1503.4421 1508.2088 1513.3702 1518.975 1525.0813 1531.76 1539.0974 1547.2007
1443.1782 1443.2876 1443.3991 1443.5131 1443.6297 1443.7492 1443.8722 1443.9992 1444.131 1444.2685 1444.4127 1444.565 1444.7267 1444.8996 1445.0856 1445.2866 1445.505 1445.7432 1446.0038 1446.2897 1446.6038 1446.9494 1447.3298 1447.7485 1448.2092 1448.716 1449.2728 1449.884 1450.554 1451.2875 1452.0895 1452.965 1453.9192 1454.9577 1456.0861 1457.3103 1458.6363 1460.0705 1461.6194 1463.2899 1465.0892 1467.0251 1469.1057 1471.34 1473.7377 1476.3098 1479.0682 1482.0266 1485.2005 1488.6075 1492.268 1496.2055 1500.4475 1505.026 1509.9787 1515.3504 1521.1943 1527.5745 1534.5685 1542.2715
1443.3849 1443.4806 1443.5776 1443.6759 1443.7756 1443.8771 1443.9806 1444.0867 1444.1959 1444.309 1444.4272 1444.5515 1444.6834 1444.8245 1444.9767 1445.142 1445.3227 1445.5212 1445.7402 1445.9825 1446.2512 1446.5494 1446.8805 1447.2481 1447.656 1448.108 1448.6083 1449.1612 1449.7713 1450.4432 1451.1819 1451.9925 1452.8802 1453.8506 1454.9093 1456.0621 1457.3149 1458.6741 1460.1459 1461.7369 1463.4541 1465.3048 1467.2966 1469.438 1471.7381 1474.2069 1476.8555 1479.6967 1482.7446 1486.0157 1489.5287 1493.3053 1497.3709 1501.7549 1506.4917 1511.6221 1517.1941 1523.265 1529.9035 1537.1925
1443.6011 1443.6834 1443.7661 1443.8491 1443.9324 1444.016 1444.1002 1444.1854 1444.272 1444.3607 1444.4525 1444.5485 1444.65 1444.7587 1444.8764 1445.0052 1445.1472 1445.3049 1445.4811 1445.6785 1445.9003 1446.1495 1446.4297 1446.7445 1447.0975 1447.4928 1447.9346 1448.4271 1448.9749 1449.5829 1450.2559 1450.9992 1451.818 1452.7178 1453.7043 1454.7833 1455.9607 1457.2425 1458.635 1460.1444 1461.7774 1463.5408 1465.4419 1467.4884 1469.6888 1472.0521 1474.5886 1477.31 1480.2292 1483.3612 1486.7232 1490.335 1494.2197 1498.404 1502.9193 1507.8019 1513.0949 1518.849 1525.1239 1531.9909
1443.8272 1443.8966 1443.9654 1444.0335 1444.1007 1444.1669 1444.2321 1444.2965 1444.3606 1444.4248 1444.4901 1444.5575 1444.6283 1444.704 1444.7865 1444.8778 1444.9801 1445.096 1445.2281 1445.3792 1445.5526 1445.7513 1445.9789 1446.239 1446.5353 1446.8718 1447.2528 1447.6827 1448.166 1448.7077 1449.3126 1449.986 1450.7333 1451.5601 1452.472 1453.4747 1454.5743 1455.7765 1457.0874 1458.5132 1460.0601 1461.7344 1463.543 1465.4929 1467.5918 1469.8479 1472.2705 1474.8701 1477.6583 1480.6488 1483.857 1487.3009 1491.0012 1494.982 1499.2714 1503.9018 1508.9112 1514.3437 1520.2508 1526.693
1444.0637 1444.1207 1444.1763 1444.23 1444.2816 1444.3307 1444.3773 1444.4213 1444.4631 1444.5029 1444.5417 1444.5802 1444.6198 1444.662 1444.7086 1444.7616 1444.8233 1444.8961 1444.9828 1445.0863 1445.2098 1445.3563 1445.5296 1445.733 1445.9706 1446.2464 1446.5645 1446.9294 1447.3458 1447.8185 1448.3528 1448.9538 1449.627 1450.3781 1451.2127 1452.1368 1453.156 1454.2764 1455.5037 1456.8439 1458.3029 1459.8865 1461.6011 1463.453 1465.4491 1467.5967 1469.904 1472.3803 1475.036 1477.8832 1480.9356 1484.2093 1487.7228 1491.4975 1495.5582 1499.9336 1504.6567 1509.7657 1515.3045 1521.3232
1444.311 1444.3562 1444.3991 1444.4392 1444.4759 1444.5086 1444.5371 1444.5612 1444.5809 1444.5965 1444.6087 1444.6182 1444.6263 1444.6345 1444.6445 1444.6584 1444.6784 1444.707 1444.7471 1444.8016 1444.8735 1444.9663 1445.0833 1445.2283 1445.4052 1445.6179 1445.8708 1446.1684 1446.5153 1446.9166 1447.3775 1447.9033 1448.4996 1449.1723 1449.927 1450.7697 1451.7063 1452.7425 1453.8842 1455.1369 1456.5063 1457.9979 1459.6172 1461.3701 1463.2624 1465.3006 1467.4918 1469.844 1472.3663 1475.0691 1477.9645 1481.0667 1484.3918 1487.9588 1491.7894 1495.9086 1500.3449 1505.131 1510.3036 1515.9041
1444.5692 1444.6035 1444.6347 1444.662 1444.6845 1444.7017 1444.7127 1444.7174 1444.7155 1444.7072 1444.6928 1444.6733 1444.6496 1444.6233 1444.5961 1444.57 1444.5473 1444.5307 1444.5228 1444.5268 1444.5457 1444.5829 1444.6419 1444.7265 1444.8405 1444.988 1445.1733 1445.401 1445.6758 1446.0029 1446.3876 1446.8353 1447.3519 1447.9432 1448.6151 1449.3738 1450.2251 1451.1748 1452.2287 1453.3922 1454.6705 1456.0688 1457.592 1459.2451 1461.0332 1462.9617 1465.0365 1467.2644 1469.6529 1472.211 1474.949 1477.8791 1481.0154 1484.3743 1487.9746 1491.8378 1495.9885 1500.4541 1505.2652 1510.4557
1444.8386 1444.8629 1444.8834 1444.8989 1444.9084 1444.9108 1444.9054 1444.8914 1444.8685 1444.8366 1444.796 1444.7473 1444.6917 1444.6305 1444.5653 1444.4984 1444.4321 1444.369 1444.3119 1444.2638 1444.2281 1444.208 1444.2072 1444.2293 1444.2782 1444.3582 1444.4734 1444.6286 1444.8286 1445.0786 1445.384 1445.7505 1446.1841 1446.691 1447.2772 1447.9489 1448.7122 1449.5731 1450.5371 1451.6096 1452.7955 1454.0995 1455.5259 1457.0789 1458.7628 1460.5817 1462.5405 1464.6444 1466.8996 1469.3133 1471.8943 1474.6528 1477.6007 1480.752 1484.1229 1487.7317 1491.5993 1495.7486 1500.2049 1504.9956
1445.1193 1445.1347 1445.1456 1445.1506 1445.1483 1445.1373 1445.1164 1445.0847 1445.0415 1444.9866 1444.92 1444.8424 1444.7546 1444.658 1444.5544 1444.4459 1444.3349 1444.224 1444.1163 1444.0147 1443.9227 1443.8435 1443.7809 1443.7384 1443.7202 1443.7301 1443.7728 1443.8527 1443.9749 1444.1446 1444.3675 1444.6496 1444.9969 1445.4158 1445.9129 1446.4946 1447.1671 1447.9365 1448.8085 1449.7883 1450.8805 1452.0894 1453.4187 1454.8718 1456.4519 1458.162 1460.0057 1461.9867 1464.1097 1466.3803 1468.8055 1471.3934 1474.1542 1477.0995 1480.2429 1483.6 1487.1882 1491.0267 1495.1363 1499.5388
1445.411 1445.4189 1445.4217 1445.4177 1445.405 1445.382 1445.347 1445.2987 1445.2363 1445.1591 1445.067 1444.9606 1444.8405 1444.7083 1444.5656 1444.4146 1444.2578 1444.098 1443.9383 1443.7817 1443.6316 1443.4915 1443.365 1443.2559 1443.1681 1443.1056 1443.0729 1443.0747 1443.116 1443.2022 1443.3391 1443.533 1443.7903 1444.1177 1444.5221 1445.0102 1445.5888 1446.264 1447.0417 1447.927 1448.9244 1450.0377 1451.2699 1452.6236 1454.1009 1455.7036 1457.4338 1459.2937 1461.2865 1463.4159 1465.6872 1468.1067 1470.6825 1473.4241 1476.3428 1479.4517 1482.7653 1486.2995 1490.0712 1494.098
1445.7135 1445.7155 1445.7119 1445.7006 1445.6794 1445.646 1445.5985 1445.5352 1445.4546 1445.356 1445.2392 1445.1042 1444.9519 1444.7836 1444.6012 1444.4069 1444.2033 1443.9933 1443.78 1443.5667 1443.3569 1443.154 1442.9617 1442.7837 1442.6239 1442.4864 1442.3756 1442.2962 1442.2532 1442.2523 1442.2995 1442.4012 1442.5644 1442.7962 1443.1038 1443.4947 1443.9758 1444.5538 1445.2347 1446.0237 1446.9252 1447.9425 1449.0781 1450.3335 1451.7096 1453.2069 1454.8261 1456.5676 1458.4328 1460.4239 1462.5441 1464.798 1467.1916 1469.7327 1472.4304 1475.2954 1478.3398 1481.5766 1485.02 1488.6838
1446.0262 1446.024 1446.0161 1445.9997 1445.972 1445.9305 1445.8724 1445.7956 1445.6985 1445.5797 1445.4387 1445.2756 1445.0912 1444.8866 1444.6639 1444.4254 1444.1738 1443.9122 1443.6439 1443.3723 1443.1008 1442.8331 1442.5729 1442.3238 1442.0896 1441.8744 1441.6826 1441.5188 1441.3881 1441.2962 1441.2495 1441.2547 1441.3192 1441.4507 1441.6571 1441.9463 1442.326 1442.8034 1443.3848 1444.0757 1444.8802 1445.8015 1446.8411 1447.9997 1449.277 1450.6718 1452.1832 1453.8098 1455.5512 1457.4075 1459.3803 1461.4722 1463.6875 1466.032 1468.5128 1471.1388 1473.9199 1476.8669 1479.9915 1483.305
1446.3482 1446.344 1446.334 1446.315 1446.2835 1446.2362 1446.1699 1446.0819 1445.9699 1445.8323 1445.6682 1445.4776 1445.2611 1445.02 1444.7564 1444.4727 1444.1719 1443.8574 1443.5324 1443.2006 1442.8657 1442.5312 1442.2009 1441.8784 1441.5673 1441.2718 1440.9959 1440.7443 1440.5221 1440.3351 1440.1899 1440.0938 1440.0544 1440.0804 1440.1803 1440.3629 1440.6367 1441.0096 1441.4884 1442.079 1442.7856 1443.6108 1444.5557 1445.6198 1446.8012 1448.0974 1449.5052 1451.0214 1452.6436 1454.3699 1456.1999 1458.1343 1460.1757 1462.3281 1464.5969 1466.9892 1469.5133 1472.1781 1474.9933 1477.9685
1446.678 1446.6744 1446.6653 1446.6466 1446.6143 1446.5643 1446.4926 1446.3958 1446.2711 1446.1164 1445.9304 1445.713 1445.4646 1445.1867 1444.8815 1444.5517 1444.2004 1443.8313 1443.4479 1443.0542 1442.6538 1442.2505 1441.848 1441.4497 1441.0593 1440.6806 1440.3175 1439.9746 1439.6569 1439.3703 1439.1216 1438.9185 1438.7696 1438.684 1438.6715 1438.7417 1438.9043 1439.1681 1439.5408 1440.0287 1440.6362 1441.3657 1442.2175 1443.1899 1444.2795 1445.4818 1446.7914 1448.203 1449.7117 1451.3137 1453.0064 1454.7888 1456.6615 1458.6269 1460.6891 1462.8535 1465.1268 1467.5169 1470.0319 1472.6802
