housing_costs_clipped_idw.asc
NCOLS 300
NROWS 300
XLLCORNER -74.3001
YLLCORNER 40.4664
DX 0.00214
DY 0.00154
NODATA_VALUE -9999
[rows 108 to 134 of 300, columns 60 to 119 of 300]
1436.7019 1437.1832 1437.6837 1438.2046 1438.7468 1439.3113 1439.8993 1440.5119 1441.1505 1441.8162 1442.5103 1443.2344 1443.9897 1444.778 1445.6006 1446.4594 1447.3561 1448.2924 1449.2703 1450.2917 1451.3588 1452.4737 1453.6386 1454.8561 1456.1285 1457.4585 1458.8489 1460.3025 1461.8223 1463.4115 1465.0736 1466.8118 1468.6301 1470.5321 1472.5222 1474.6045 1476.7836 1479.0644 1481.4519 1483.9516 1486.5691 1489.3104 1492.1821 1495.1908 1498.3439 1501.6489 1505.1142 1508.7484 1512.5608 1516.5615 1520.761 1525.1708 1529.8033 1534.6717 1539.7902 1545.1746 1550.8417 1556.8102 1563.1003 1569.7349
1436.9229 1437.4027 1437.902 1438.4216 1438.9625 1439.526 1440.113 1440.7248 1441.3627 1442.0279 1442.7218 1443.4458 1444.2014 1444.9902 1445.8137 1446.6738 1447.572 1448.5104 1449.4909 1450.5154 1451.5861 1452.7053 1453.8753 1455.0985 1456.3775 1457.715 1459.1138 1460.5769 1462.1073 1463.7083 1465.3835 1467.1363 1468.9706 1470.8905 1472.9001 1475.0039 1477.2066 1479.5133 1481.9292 1484.4599 1487.1112 1489.8896 1492.8017 1495.8545 1499.0556 1502.413 1505.9352 1509.6315 1513.5115 1517.5857 1521.8652 1526.3621 1531.0893 1536.0607 1541.2914 1546.7977 1552.5974 1558.7101 1565.1573 1571.9628
1437.1378 1437.6159 1438.1133 1438.6312 1439.1704 1439.7323 1440.3178 1440.9283 1441.5649 1442.229 1442.922 1443.6453 1444.4005 1445.1891 1446.0127 1446.8732 1447.7723 1448.7119 1449.694 1450.7207 1451.7942 1452.9167 1454.0907 1455.3186 1456.6031 1457.9469 1459.3529 1460.8242 1462.3639 1463.9755 1465.6623 1467.4283 1469.2772 1471.2133 1473.2409 1475.3646 1477.5892 1479.92 1482.3624 1484.9222 1487.6055 1490.4189 1493.3693 1496.464 1499.7109 1503.1184 1506.6954 1510.4514 1514.3966 1518.5419 1522.899 1527.4806 1532.3 1537.3721 1542.7124 1548.3383 1554.2684 1560.5233 1567.1253 1574.0996
1437.3469 1437.8227 1438.3179 1438.8335 1439.3706 1439.9303 1440.5138 1441.1223 1441.7571 1442.4195 1443.1109 1443.8329 1444.5869 1445.3745 1446.1975 1447.0577 1447.9568 1448.8967 1449.8796 1450.9076 1451.9828 1453.1077 1454.2846 1455.5161 1456.8049 1458.1538 1459.5659 1461.0441 1462.5918 1464.2125 1465.9097 1467.6873 1469.5493 1471.5 1473.5439 1475.6858 1477.9305 1480.2836 1482.7506 1485.3376 1488.0508 1490.8971 1493.8836 1497.018 1500.3085 1503.7637 1507.393 1511.2062 1515.2141 1519.428 1523.8602 1528.5238 1533.4329 1538.603 1544.0506 1549.7937 1555.8518 1562.2464 1569.0013 1576.1424
1437.5501 1438.0232 1438.5157 1439.0286 1439.563 1440.1201 1440.701 1441.307 1441.9393 1442.5994 1443.2886 1444.0085 1444.7606 1445.5466 1446.3682 1447.2272 1448.1254 1449.0648 1450.0476 1451.0759 1452.1519 1453.278 1454.4568 1455.6907 1456.9827 1458.3356 1459.7524 1461.2363 1462.7906 1464.419 1466.1251 1467.9128 1469.7863 1471.75 1473.8086 1475.9668 1478.2298 1480.6033 1483.093 1485.705 1488.446 1491.323 1494.3434 1497.5152 1500.8468 1504.3472 1508.0263 1511.8942 1515.9621 1520.2419 1524.7464 1529.4893 1534.4855 1539.751 1545.3032 1551.1608 1557.3445 1563.8767 1570.7821 1578.0881
1437.7477 1438.2176 1438.7069 1439.2167 1439.7479 1440.3018 1440.8795 1441.4824 1442.1116 1442.7687 1443.4551 1444.1722 1444.9218 1445.7053 1446.5247 1447.3816 1448.2781 1449.2162 1450.1979 1451.2255 1452.3012 1453.4276 1454.6071 1455.8424 1457.1364 1458.4919 1459.9122 1461.4004 1462.96 1464.5946 1466.3081 1468.1044 1469.9878 1471.9628 1474.0341 1476.2069 1478.4864 1480.8782 1483.3885 1486.0235 1488.7901 1491.6955 1494.7475 1497.9541 1501.3243 1504.8675 1508.5936 1512.5135 1516.6386 1520.9816 1525.5555 1530.3749 1535.4553 1540.8134 1546.4673 1552.4369 1558.7436 1565.4109 1572.4649 1579.9339
1437.9397 1438.4061 1438.8917 1439.3978 1439.9253 1440.4754 1441.0495 1441.6486 1442.2742 1442.9277 1443.6105 1444.3241 1445.0703 1445.8507 1446.667 1447.5211 1448.415 1449.3508 1450.3305 1451.3563 1452.4308 1453.5563 1454.7354 1455.971 1457.2657 1458.6227 1460.0451 1461.5362 1463.0997 1464.739 1466.4583 1468.2615 1470.1532 1472.1377 1474.2201 1476.4056 1478.6995 1481.1077 1483.6364 1486.2922 1489.0821 1492.0136 1495.0946 1498.3336 1501.7398 1505.3229 1509.0933 1513.0623 1517.2418 1521.6449 1526.2853 1531.1782 1536.3398 1541.7875 1547.5403 1553.6191 1560.0462 1566.8463 1574.0466 1581.6769
1438.1263 1438.5886 1439.0702 1439.5721 1440.0953 1440.6412 1441.2109 1441.8058 1442.4271 1443.0762 1443.7548 1444.4643 1445.2064 1445.9827 1446.7952 1447.6457 1448.5361 1449.4686 1450.4453 1451.4685 1452.5406 1453.6641 1454.8418 1456.0762 1457.3705 1458.7276 1460.1508 1461.6435 1463.2093 1464.8519 1466.5754 1468.384 1470.282 1472.2744 1474.366 1476.5621 1478.8684 1481.2909 1483.8359 1486.5102 1489.321 1492.2761 1495.3836 1498.6523 1502.0918 1505.712 1509.5239 1513.5389 1517.7698 1522.2299 1526.9337 1531.8969 1537.1365 1542.6707 1548.5195 1554.7044 1561.2492 1568.1797 1575.5242 1583.3142
1438.3077 1438.7655 1439.2425 1439.7397 1440.2582 1440.7993 1441.3641 1441.954 1442.5704 1443.2146 1443.8882 1444.5928 1445.33 1446.1016 1446.9094 1447.7553 1448.6413 1449.5696 1450.5423 1451.5618 1452.6305 1453.751 1454.9259 1456.1582 1457.4507 1458.8066 1460.2292 1461.722 1463.2887 1464.933 1466.6591 1468.4713 1470.3741 1472.3723 1474.4712 1476.676 1478.9927 1481.4273 1483.9863 1486.6767 1489.506 1492.4821 1495.6134 1498.9092 1502.379 1506.0334 1509.8837 1513.9417 1518.2207 1522.7346 1527.4984 1532.5287 1537.8429 1543.4604 1549.4019 1555.6902 1562.3499 1569.4082 1576.8949 1584.8429
1438.484 1438.9369 1439.4088 1439.9008 1440.4141 1440.9497 1441.5091 1442.0935 1442.7043 1443.3429 1444.0109 1444.7098 1445.4414 1446.2074 1447.0097 1447.8501 1448.7308 1449.6539 1450.6217 1451.6364 1452.7006 1453.8168 1454.9879 1456.2167 1457.5062 1458.8596 1460.2802 1461.7716 1463.3376 1464.982 1466.7091 1468.5231 1470.4288 1472.4311 1474.5353 1476.7468 1479.0716 1481.5161 1484.0868 1486.7909 1489.6362 1492.6306 1495.7831 1499.103 1502.6002 1506.2858 1510.1712 1514.269 1518.5928 1523.157 1527.9775 1533.0712 1538.4567 1544.154 1550.1849 1556.5733 1563.345 1570.5285 1578.1553 1586.26
1438.6555 1439.1029 1439.5693 1440.0556 1440.5631 1441.0928 1441.6462 1442.2244 1442.829 1443.4613 1444.1229 1444.8155 1445.5407 1446.3003 1447.0961 1447.9303 1448.8047 1449.7217 1450.6834 1451.6923 1452.7508 1453.8617 1455.0277 1456.2518 1457.5369 1458.8864 1460.3036 1461.7922 1463.3559 1464.9988 1466.7251 1468.5393 1470.446 1472.4505 1474.5579 1476.774 1479.1048 1481.5568 1484.1368 1486.8521 1489.7107 1492.7208 1495.8916 1499.2326 1502.7542 1506.4677 1510.385 1514.5192 1518.8842 1523.4952 1528.3686 1533.5222 1538.9753 1544.7489 1550.8657 1557.3508 1564.2314 1571.5376 1579.3023 1587.5621
1438.8223 1439.2639 1439.7242 1440.2043 1440.7055 1441.2287 1441.7754 1442.3469 1442.9446 1443.57 1444.2245 1444.9099 1445.6279 1446.3803 1447.1689 1447.9958 1448.8631 1449.7729 1450.7276 1451.7295 1452.7813 1453.8857 1455.0454 1456.2634 1457.5428 1458.887 1460.2994 1461.7836 1463.3435 1464.9832 1466.707 1468.5195 1470.4254 1472.43 1474.5386 1476.7571 1479.0917 1481.5489 1484.1357 1486.8597 1489.7289 1492.7519 1495.9379 1499.2971 1502.8399 1506.578 1510.5238 1514.6907 1519.0933 1523.7474 1528.6699 1533.8795 1539.3963 1545.2423 1551.4413 1558.0197 1565.006 1572.4319 1580.3323 1588.7459
1438.9846 1439.4199 1439.8737 1440.3472 1440.8414 1441.3577 1441.8972 1442.4613 1443.0514 1443.6691 1444.3159 1444.9934 1445.7034 1446.4477 1447.2282 1448.0469 1448.906 1449.8077 1450.7543 1451.7483 1452.7922 1453.8888 1455.0409 1456.2516 1457.524 1458.8614 1460.2674 1461.7457 1463.3002 1464.9351 1466.6546 1468.4635 1470.3667 1472.3694 1474.4772 1476.6959 1479.0319 1481.4918 1484.083 1486.8129 1489.69 1492.7229 1495.9213 1499.2954 1502.8561 1506.6153 1510.586 1514.782 1519.2184 1523.9116 1528.8793 1534.1408 1539.7172 1545.6315 1551.9089 1558.5767 1565.6654 1573.2081 1581.2418 1589.8076
1439.1428 1439.5713 1440.0182 1440.4844 1440.9712 1441.4799 1442.0116 1442.5677 1443.1496 1443.759 1444.3972 1445.0661 1445.7673 1446.5027 1447.2742 1448.0839 1448.9338 1449.8263 1450.7638 1451.7486 1452.7835 1453.8711 1455.0145 1456.2165 1457.4804 1458.8097 1460.2079 1461.6787 1463.2261 1464.8543 1466.5678 1468.3713 1470.2698 1472.2686 1474.3733 1476.59 1478.925 1481.3853 1483.9781 1486.7113 1489.5934 1492.6334 1495.8409 1499.2266 1502.8018 1506.5786 1510.5705 1514.7917 1519.2579 1523.986 1528.9946 1534.3038 1539.9355 1545.9139 1552.2654 1559.0188 1566.2061 1573.8625 1582.027 1590.7432
1439.297 1439.7183 1440.1577 1440.6163 1441.0952 1441.5956 1442.1189 1442.6664 1443.2395 1443.8398 1444.4688 1445.1282 1445.8198 1446.5455 1447.3071 1448.1067 1448.9466 1449.829 1450.7562 1451.7308 1452.7554 1453.8329 1454.9661 1456.1581 1457.4122 1458.7319 1460.1206 1461.5823 1463.121 1464.7409 1466.4465 1468.2427 1470.1345 1472.1272 1474.2267 1476.4391 1478.7708 1481.2288 1483.8207 1486.5545 1489.4386 1492.4825 1495.696 1499.09 1502.676 1506.4668 1510.476 1514.7183 1519.2101 1523.9689 1529.014 1534.3662 1540.0487 1546.0867 1552.5078 1559.3425 1566.6245 1574.391 1582.6836 1591.5485
1439.4475 1439.8612 1440.2927 1440.743 1441.2135 1441.7052 1442.2195 1442.7577 1443.3213 1443.9119 1444.5309 1445.1801 1445.8613 1446.5763 1447.3272 1448.1159 1448.9446 1449.8158 1450.7317 1451.6949 1452.7081 1453.7742 1454.896 1456.0767 1457.3195 1458.628 1460.0059 1461.4568 1462.9851 1464.5949 1466.2908 1468.0777 1469.9607 1471.9453 1474.0374 1476.243 1478.5689 1481.0222 1483.6105 1486.3418 1489.2251 1492.2697 1495.4859 1498.8847 1502.478 1506.2788 1510.3013 1514.5606 1519.0736 1523.8586 1528.9354 1534.326 1540.0543 1546.147 1552.6329 1559.5443 1566.9167 1574.7897 1583.2072 1592.2187
1439.5947 1440.0003 1440.4233 1440.865 1441.3264 1441.8089 1442.3136 1442.8419 1443.3954 1443.9755 1444.5838 1445.222 1445.892 1446.5955 1447.3347 1448.1115 1448.9282 1449.7871 1450.6906 1451.6413 1452.6419 1453.6952 1454.8043 1455.9723 1457.2024 1458.4983 1459.8636 1461.3023 1462.8183 1464.4162 1466.1005 1467.8762 1469.7484 1471.7227 1473.8051 1476.0017 1478.3193 1480.7652 1483.347 1486.0731 1488.9524 1491.9946 1495.21 1498.61 1502.2068 1506.0138 1510.0453 1514.3173 1518.847 1523.6533 1528.7569 1534.1808 1539.9499 1546.0919 1552.6376 1559.6207 1567.0789 1575.0541 1583.5932 1592.7489
1439.7388 1440.1359 1440.5501 1440.9825 1441.4344 1441.907 1442.4015 1442.9194 1443.462 1444.031 1444.6278 1445.2543 1445.9122 1446.6034 1447.33 1448.0939 1448.8975 1449.7431 1450.6331 1451.5701 1452.5569 1453.5963 1454.6913 1455.8451 1457.0612 1458.3429 1459.6941 1461.1187 1462.6209 1464.2051 1465.8759 1467.6383 1469.4977 1471.4595 1473.5298 1475.7149 1478.0217 1480.4575 1483.0301 1485.748 1488.6202 1491.6566 1494.8679 1498.2654 1501.8619 1505.6708 1509.7072 1513.9872 1518.5288 1523.3514 1528.4768 1533.9285 1539.7328 1545.9187 1552.5185 1559.5678 1567.1067 1575.1795 1583.8364 1593.1336
1439.8802 1440.2683 1440.6731 1441.0959 1441.5378 1441.9999 1442.4837 1442.9904 1443.5216 1444.0787 1444.6633 1445.2773 1445.9223 1446.6003 1447.3134 1448.0635 1448.853 1449.6842 1450.5596 1451.4817 1452.4535 1453.4776 1454.5572 1455.6956 1456.896 1458.1621 1459.4976 1460.9065 1462.393 1463.9616 1465.617 1467.3642 1469.2085 1471.1556 1473.2115 1475.3828 1477.6762 1480.0992 1482.6597 1485.3663 1488.2283 1491.2556 1494.459 1497.8504 1501.4424 1505.2492 1509.2859 1513.5693 1518.1177 1522.9516 1528.0931 1533.5669 1539.4006 1545.6244 1552.2722 1559.3819 1566.9956 1575.1609 1583.9311 1593.3667
1440.0192 1440.3978 1440.7929 1441.2055 1441.6368 1442.0881 1442.5605 1443.0555 1443.5745 1444.119 1444.6908 1445.2914 1445.9227 1446.5867 1447.2852 1448.0206 1448.795 1449.6107 1450.4704 1451.3765 1452.3319 1453.3395 1454.4024 1455.5238 1456.7071 1457.956 1459.2741 1460.6656 1462.1347 1463.6859 1465.3239 1467.0538 1468.881 1470.8112 1472.8504 1475.0052 1477.2826 1479.69 1482.2356 1484.9279 1487.7764 1490.7911 1493.9831 1497.3644 1500.948 1504.7482 1508.7806 1513.0625 1517.6127 1522.4522 1527.6041 1533.0942 1538.9508 1545.2061 1551.8954 1559.0588 1566.7411 1574.9929 1583.8714 1593.4416
1440.1562 1440.525 1440.9098 1441.3118 1441.732 1442.1717 1442.6322 1443.1148 1443.621 1444.1524 1444.7104 1445.297 1445.9138 1446.5628 1447.246 1447.9656 1448.7238 1449.5231 1450.3658 1451.2547 1452.1926 1453.1824 1454.2272 1455.3302 1456.4949 1457.725 1459.0242 1460.3965 1461.8464 1463.3783 1464.997 1466.7075 1468.5154 1470.4263 1472.4465 1474.5824 1476.8411 1479.2302 1481.7579 1484.4328 1487.2644 1490.2631 1493.44 1496.8072 1500.3782 1504.1673 1508.1907 1512.466 1517.0126 1521.8521 1527.0084 1532.5081 1538.3812 1544.6608 1551.3845 1558.5944 1566.3382 1574.6698 1583.6507 1593.3508
1440.2915 1440.65 1441.0242 1441.4151 1441.8237 1442.2514 1442.6994 1443.169 1443.6618 1444.1792 1444.7229 1445.2945 1445.896 1446.5291 1447.1961 1447.8989 1448.64 1449.4216 1450.2464 1451.1169 1452.036 1453.0066 1454.0319 1455.1151 1456.2597 1457.4694 1458.7479 1460.0995 1461.5283 1463.039 1464.6364 1466.3255 1468.1119 1470.0013 1471.9999 1474.1144 1476.3519 1478.7198 1481.2266 1483.8809 1486.6924 1489.6715 1492.8295 1496.1787 1499.7327 1503.5062 1507.5157 1511.7791 1516.3165 1521.1499 1526.3042 1531.807 1537.6892 1543.9858 1550.736 1557.9844 1565.7817 1574.1854 1583.2616 1593.0859
1440.4255 1440.7735 1441.1365 1441.5158 1441.9124 1442.3275 1442.7624 1443.2185 1443.6971 1444.1999 1444.7285 1445.2845 1445.8697 1446.4862 1447.136 1447.8211 1448.544 1449.3069 1450.1125 1450.9634 1451.8624 1452.8126 1453.817 1454.8789 1456.0019 1457.1896 1458.4459 1459.7748 1461.1808 1462.6684 1464.2424 1465.908 1467.6707 1469.5363 1471.5111 1473.6016 1475.815 1478.159 1480.6418 1483.2724 1486.0604 1489.0163 1492.1516 1495.4787 1499.0113 1502.7646 1506.7551 1511.0013 1515.5236 1520.3448 1525.4904 1530.989 1536.8728 1543.1782 1549.9464 1557.2245 1565.0662 1573.5331 1582.6963 1592.6376
1440.5588 1440.8956 1441.2472 1441.6144 1441.9984 1442.4005 1442.8218 1443.2637 1443.7276 1444.2151 1444.7278 1445.2673 1445.8356 1446.4345 1447.0661 1447.7326 1448.4362 1449.1794 1449.9647 1450.7947 1451.6724 1452.6008 1453.5829 1454.6221 1455.7219 1456.886 1458.1183 1459.423 1460.8043 1462.2668 1463.8155 1465.4555 1467.1923 1469.0318 1470.9801 1473.0441 1475.2308 1477.548 1480.0039 1482.6076 1485.3686 1488.2977 1491.4063 1494.7071 1498.214 1501.9422 1505.9086 1510.132 1514.6333 1519.4358 1524.5658 1530.0527 1535.9299 1542.2354 1549.0123 1556.3103 1564.1863 1572.7061 1581.9461 1591.9954
1440.6916 1441.017 1441.3566 1441.7114 1442.0824 1442.4708 1442.878 1443.3051 1443.7537 1444.2252 1444.7213 1445.2437 1445.7941 1446.3746 1446.9872 1447.634 1448.3173 1449.0396 1449.8034 1450.6114 1451.4665 1452.3717 1453.3301 1454.3452 1455.4203 1456.5592 1457.7658 1459.0444 1460.3991 1461.8347 1463.356 1464.9683 1466.677 1468.488 1470.4076 1472.4424 1474.5997 1476.8872 1479.3131 1481.8866 1484.6173 1487.5159 1490.594 1493.8643 1497.3409 1501.0391 1504.9762 1509.1711 1513.6452 1518.4223 1523.5293 1528.9966 1534.8586 1541.1549 1547.9305 1555.2375 1563.1363 1571.6971 1581.002 1591.1478
1440.8245 1441.1381 1441.4654 1441.8072 1442.1648 1442.5391 1442.9316 1443.3434 1443.776 1444.2309 1444.7097 1445.2141 1445.7459 1446.3071 1446.8996 1447.5258 1448.1878 1448.8881 1449.6293 1450.4141 1451.2453 1452.126 1453.0593 1454.0486 1455.0975 1456.2096 1457.3888 1458.6395 1459.9658 1461.3725 1462.8644 1464.4468 1466.1252 1467.9054 1469.7937 1471.7969 1473.922 1476.1769 1478.5699 1481.1099 1483.8068 1486.6713 1489.7149 1492.9505 1496.3922 1500.0556 1503.9579 1508.1186 1512.5591 1517.3039 1522.3803 1527.8196 1533.6574 1539.9345 1546.6978 1554.0021 1561.9109 1570.4988 1579.8543 1590.0821
1440.9578 1441.2594 1441.5739 1441.9025 1442.2461 1442.6059 1442.9831 1443.379 1443.795 1444.2326 1444.6934 1445.1791 1445.6915 1446.2325 1446.8041 1447.4087 1448.0483 1448.7256 1449.443 1450.2033 1451.0093 1451.8641 1452.7709 1453.733 1454.754 1455.8377 1456.9879 1458.2089 1459.5049 1460.8808 1462.3413 1463.8917 1465.5374 1467.2845 1469.1391 1471.108 1473.1983 1475.4177 1477.7746 1480.278 1482.9377 1485.7643 1488.7695 1491.9661 1495.3683 1498.9918 1502.854 1506.9745 1511.375 1516.0803 1521.1184 1526.5211 1532.3251 1538.5723 1545.3117 1552.6001 1560.5046 1569.1041 1578.4931 1588.7851
