housing_costs_clipped_idw.asc
NCOLS 300
NROWS 300
XLLCORNER -74.3001
YLLCORNER 40.4664
DX 0.00214
DY 0.00154
NODATA_VALUE -9999
[rows 216 to 242 of 300, columns 240 to 299 of 300]
1182.7158 1029.561 909.25099 1008.047 1116.1515 1194.9325 1245.8317 1262.1905 1238.8604 1239.952 1251.4095 1194.4674 1077.5145 1060.5946 1159.6436 1212.1021 1210.7276 1198.7749 1232.3507 1266.182 1277.3525 1289.1565 1315.5759 1345.111 1369.5311 1388.139 1402.256 1413.1489 1421.7244 1428.5972 1434.1865 1438.7842 1442.5987 1445.7826 1448.4504 1450.69 1452.5697 1454.1439 1455.4565 1456.5435 1457.4346 1458.1546 1458.7246 1459.1627 1459.4842 1459.7025 1459.8294 1459.875 1459.8483 1459.7574 1459.6092 1459.4101 1459.1657 1458.8809 1458.5604 1458.2081 1457.8277 1457.4225 1456.9954 1456.5491
1184.8013 1012.3757 835.25613 999.93228 1118.8952 1198.0941 1246.4102 1262.9127 1250.2632 1248.9615 1242.5354 1162.5363 958.81835 909.44242 1119.3403 1210.4063 1236.3286 1244.6819 1264.3363 1286.4173 1300.9928 1314.8057 1333.9112 1355.1747 1374.3547 1390.0982 1402.6631 1412.6869 1420.7567 1427.3264 1432.7313 1437.2173 1440.9666 1444.1164 1446.7713 1449.0127 1450.9049 1452.4993 1453.8378 1454.9549 1455.879 1456.6343 1457.2411 1457.717 1458.077 1458.3341 1458.4998 1458.584 1458.5957 1458.5426 1458.4317 1458.2692 1458.0606 1457.8109 1457.5246 1457.2056 1456.8577 1456.4841 1456.0877 1455.6712
1200.1278 1065.0663 998.3654 1040.666 1126.7948 1203.7648 1249.8653 1268.2592 1266.6426 1262.1691 1243.102 1167.056 1006.6379 972.53039 1128.8854 1218.6517 1254.7501 1271.8751 1288.1022 1304.6601 1318.7436 1332.2657 1347.5983 1363.9106 1379.2269 1392.4814 1403.5303 1412.632 1420.1309 1426.34 1431.514 1435.8517 1439.507 1442.5995 1445.2228 1447.4507 1449.3426 1450.9465 1452.3017 1453.4407 1454.391 1455.1754 1455.8135 1456.3224 1456.7164 1457.0083 1457.2092 1457.3288 1457.3758 1457.3578 1457.2816 1457.1534 1456.9785 1456.7619 1456.508 1456.2208 1455.9039 1455.5604 1455.1934 1454.8055
1223.6088 1120.2325 1046.1131 1055.7427 1143.9645 1214.9032 1256.7161 1275.5098 1278.665 1273.292 1253.0752 1199.8368 1118.4373 1102.8923 1175.8044 1237.8342 1271.5782 1290.8539 1305.9647 1319.9238 1332.7096 1345.0961 1358.0062 1371.1956 1383.7481 1394.9793 1404.6626 1412.8662 1419.7747 1425.5928 1430.5053 1434.6676 1438.206 1441.2221 1443.7976 1445.9985 1447.8786 1449.4821 1450.8454 1451.999 1452.9687 1453.7764 1454.4407 1454.9778 1455.4017 1455.7246 1455.9572 1456.109 1456.1884 1456.2028 1456.159 1456.0628 1455.9196 1455.7342 1455.511 1455.2538 1454.9663 1454.6517 1454.3128 1453.9523
1249.5008 1170.236 1105.0887 1110.8638 1176.243 1232.2318 1266.9 1284.1109 1288.8481 1284.4985 1268.7337 1236.8047 1199.071 1192.2517 1224.6058 1261.9317 1288.4112 1306.2788 1320.208 1332.5503 1344.0097 1355.0933 1366.204 1377.2523 1387.7937 1397.4156 1405.9189 1413.2912 1419.6225 1425.0404 1429.6751 1433.6442 1437.0486 1439.9731 1442.4874 1444.6497 1446.508 1448.1022 1449.4658 1450.6272 1451.6104 1452.4359 1453.1214 1453.6824 1454.1321 1454.4823 1454.7433 1454.9242 1455.0332 1455.0775 1455.0636 1454.9972 1454.8837 1454.7277 1454.5334 1454.3048 1454.0452 1453.758 1453.446 1453.1118
1275.0304 1219.6824 1178.6375 1179.6191 1215.8478 1253.4346 1279.5253 1293.8732 1298.824 1296.1649 1285.7128 1267.7878 1250.0441 1247.3236 1263.1463 1285.3478 1304.689 1319.7892 1332.167 1343.1392 1353.3593 1363.2016 1372.8755 1382.3408 1391.3665 1399.7052 1407.2066 1413.8317 1419.6183 1424.643 1428.9946 1432.7605 1436.0197 1438.8411 1441.2838 1443.3978 1445.2255 1446.8026 1448.1597 1449.3226 1450.3136 1451.1519 1451.8541 1452.4347 1452.9065 1453.2805 1453.5667 1453.7739 1453.9098 1453.9815 1453.9953 1453.9567 1453.8708 1453.7423 1453.5753 1453.3737 1453.1407 1452.8796 1452.5932 1452.2841
1297.8357 1260.9478 1235.5969 1233.7677 1252.0832 1275.0643 1293.2482 1304.3585 1308.8978 1307.7747 1301.6001 1291.9331 1283.5227 1282.9063 1291.8204 1305.6592 1319.5943 1331.833 1342.5104 1352.1789 1361.2472 1369.9638 1378.4474 1386.6744 1394.5147 1401.8159 1408.4697 1414.4332 1419.7172 1424.3655 1428.4376 1431.9968 1435.1041 1437.8147 1440.1778 1442.2358 1444.0257 1445.5791 1446.9235 1448.0823 1449.076 1449.9225 1450.6371 1451.2336 1451.7238 1452.1185 1452.4269 1452.6575 1452.8178 1452.9145 1452.9537 1452.9408 1452.8808 1452.7781 1452.6368 1452.4606 1452.2528 1452.0165 1451.7545 1451.4693
1316.7496 1292.1354 1275.6096 1272.5778 1281.4109 1294.8254 1306.8575 1315.0081 1318.8757 1318.8404 1315.6132 1310.6871 1306.9062 1307.438 1313.2479 1322.4937 1332.7083 1342.5067 1351.5633 1360.0008 1368.0068 1375.7171 1383.1924 1390.4122 1397.2953 1403.7427 1409.6768 1415.0583 1419.8844 1424.179 1427.9807 1431.3349 1434.2877 1436.8828 1439.1605 1441.1567 1442.9029 1444.4271 1445.7534 1446.9033 1447.8953 1448.7457 1449.4689 1450.0776 1450.583 1450.9952 1451.323 1451.5744 1451.7566 1451.8761 1451.9387 1451.9495 1451.9135 1451.8349 1451.7177 1451.5654 1451.3814 1451.1687 1450.9299 1450.6676
1331.8573 1315.0841 1303.6927 1300.35 1304.2808 1311.8796 1319.5726 1325.3323 1328.4772 1329.0889 1327.7282 1325.515 1324.1577 1325.3296 1329.6174 1336.2593 1343.9854 1351.8669 1359.5038 1366.8226 1373.8651 1380.6818 1387.2914 1393.67 1399.7602 1405.4933 1410.8117 1415.6816 1420.0939 1424.0599 1427.6042 1430.7585 1433.5573 1436.0348 1438.2236 1440.1535 1441.8516 1443.3419 1444.6459 1445.7825 1446.7687 1447.6193 1448.3475 1448.9652 1449.4827 1449.9095 1450.2541 1450.5238 1450.7257 1450.8658 1450.9497 1450.9824 1450.9687 1450.9125 1450.8179 1450.6882 1450.5267 1450.3362 1450.1196 1449.8791
1343.7995 1332.0779 1323.8821 1320.6631 1322.0684 1326.2293 1331.0259 1334.9971 1337.4805 1338.4124 1338.1655 1337.4999 1337.4534 1338.9727 1342.436 1347.5271 1353.5812 1360.0065 1366.458 1372.7948 1378.9799 1385.008 1390.8686 1396.5324 1401.9534 1407.0799 1411.8674 1416.2868 1420.3263 1423.9895 1427.2912 1430.2532 1432.9009 1435.2608 1437.3589 1439.2198 1440.8662 1442.3191 1443.597 1444.7168 1445.6937 1446.5411 1447.2712 1447.8948 1448.4216 1448.8605 1449.2193 1449.5051 1449.7244 1449.883 1449.9864 1450.0392 1450.046 1450.0108 1449.9373 1449.8288 1449.6885 1449.5191 1449.3234 1449.1037
1353.2892 1344.9044 1338.8265 1335.92 1336.0451 1338.201 1341.1257 1343.8233 1345.7538 1346.799 1347.1802 1347.3859 1348.052 1349.7409 1352.7046 1356.8167 1361.7221 1367.05 1372.5356 1378.0313 1383.4659 1388.8028 1394.0129 1399.0623 1403.9105 1408.5158 1412.8419 1416.8634 1420.5675 1423.9529 1427.0278 1429.8067 1432.3079 1434.5517 1436.5587 1438.349 1439.9415 1441.3541 1442.603 1443.703 1444.6676 1445.5089 1446.238 1446.8649 1447.3985 1447.8469 1448.2176 1448.5172 1448.7519 1448.9273 1449.0482 1449.1195 1449.1453 1449.1295 1449.0757 1448.9871 1448.8667 1448.7173 1448.5414 1448.3415
1360.9293 1354.8106 1350.2077 1347.6767 1347.1853 1348.188 1349.9295 1351.7499 1353.2443 1354.2873 1354.998 1355.6788 1356.721 1358.4689 1361.0927 1364.5472 1368.6385 1373.1337 1377.8396 1382.6254 1387.411 1392.1454 1396.7898 1401.3073 1405.6605 1409.8138 1413.7363 1417.4052 1420.8074 1423.9387 1426.8026 1429.4084 1431.7689 1433.8995 1435.8161 1437.5352 1439.0724 1440.4428 1441.6603 1442.738 1443.6877 1444.5205 1445.2461 1445.8738 1446.4118 1446.8676 1447.2481 1447.5596 1447.8078 1447.9979 1448.1348 1448.2229 1448.2661 1448.2683 1448.2329 1448.1629 1448.0612 1447.9307 1447.7736 1447.5924
1367.1803 1362.6401 1359.1028 1356.9484 1356.1975 1356.5527 1357.5607 1358.7917 1359.9554 1360.941 1361.8045 1362.7279 1363.9516 1365.6898 1368.0573 1371.0422 1374.5359 1378.3903 1382.4668 1386.6575 1390.8861 1395.0978 1399.2498 1403.3047 1407.2273 1410.9858 1414.5531 1417.9085 1421.0388 1423.938 1426.6064 1429.0493 1431.2757 1433.2967 1435.1247 1436.7729 1438.2541 1439.5809 1440.7654 1441.8188 1442.7515 1443.5735 1444.2935 1444.9199 1445.4602 1445.9213 1446.3097 1446.6311 1446.891 1447.0943 1447.2455 1447.3489 1447.4082 1447.427 1447.4086 1447.356 1447.272 1447.1591 1447.0199 1446.8564
1372.3794 1368.9628 1366.2162 1364.4107 1363.591 1363.5988 1364.1626 1365.0056 1365.9262 1366.834 1367.7501 1368.7805 1370.0722 1371.7592 1373.9178 1376.5485 1379.5879 1382.9401 1386.5054 1390.1981 1393.9504 1397.7097 1401.4332 1405.0844 1408.6305 1412.0424 1415.2958 1418.3715 1421.2566 1423.9439 1426.4316 1428.7221 1430.8212 1432.7369 1434.4787 1436.0569 1437.482 1438.7646 1439.9148 1440.9423 1441.8565 1442.6658 1443.3783 1444.0015 1444.5422 1445.0068 1445.4013 1445.731 1446.001 1446.2158 1446.3799 1446.497 1446.571 1446.6051 1446.6026 1446.5662 1446.4987 1446.4026 1446.2801 1446.1335
1376.7696 1374.1675 1372.019 1370.5235 1369.7343 1369.5718 1369.8753 1370.4686 1371.2143 1372.0429 1372.9572 1374.0173 1375.3117 1376.9238 1378.9036 1381.2542 1383.9371 1386.8878 1390.0344 1393.3092 1396.6546 1400.0227 1403.3731 1406.6713 1409.8869 1412.9932 1415.968 1418.7935 1421.4572 1423.9512 1426.2721 1428.4204 1430.3993 1432.2144 1433.8728 1435.3825 1436.752 1437.9901 1439.1053 1440.106 1441.0001 1441.7953 1442.4987 1443.117 1443.6565 1444.123 1444.5219 1444.8583 1445.1368 1445.3618 1445.5372 1445.6669 1445.7542 1445.8024 1445.8145 1445.7933 1445.7412 1445.6608 1445.5543 1445.4236
1380.5257 1378.5234 1376.8341 1375.6072 1374.8965 1374.6671 1374.8261 1375.2628 1375.8853 1376.642 1377.5275 1378.5744 1379.835 1381.3607 1383.1828 1385.3041 1387.699 1390.3229 1393.1228 1396.0455 1399.0427 1402.0722 1405.0974 1408.0863 1411.0108 1413.8468 1416.5736 1419.175 1421.6385 1423.956 1426.1232 1428.1389 1430.0047 1431.7241 1433.3023 1434.7454 1436.0604 1437.2541 1438.3339 1439.3069 1440.18 1440.9598 1441.6528 1442.2648 1442.8016 1443.2685 1443.6705 1444.0121 1444.2977 1444.5314 1444.717 1444.8579 1444.9574 1445.0185 1445.0442 1445.037 1444.9994 1444.9337 1444.8421 1444.7265
1383.7746 1382.2202 1380.8874 1379.8897 1379.2771 1379.0399 1379.1263 1379.4683 1380.0056 1380.7009 1381.5461 1382.5575 1383.7655 1385.2007 1386.8821 1388.8103 1390.9671 1393.3205 1395.8302 1398.4543 1401.1527 1403.8888 1406.63 1409.3472 1412.015 1414.6111 1417.1167 1419.5166 1421.7989 1423.9553 1425.9809 1427.8734 1429.6329 1431.2616 1432.7631 1434.1419 1435.4034 1436.5534 1437.5977 1438.5426 1439.3939 1440.1574 1440.8388 1441.4434 1441.9762 1442.4422 1442.8459 1443.1914 1443.4829 1443.7241 1443.9185 1444.0695 1444.18 1444.253 1444.2911 1444.297 1444.2729 1444.2211 1444.1435 1444.0423
1386.6094 1385.394 1384.3408 1383.5367 1383.0264 1382.8134 1382.8712 1383.1592 1383.6386 1384.2833 1385.085 1386.0509 1387.198 1388.5436 1390.0984 1391.861 1393.8174 1395.9433 1398.2077 1400.577 1403.018 1405.4991 1407.9917 1410.4699 1412.9104 1415.2932 1417.601 1419.8196 1421.9376 1423.947 1425.8422 1427.6202 1429.2803 1430.8233 1432.2515 1433.5684 1434.778 1435.8849 1436.8941 1437.8106 1438.6396 1439.3861 1440.0551 1440.6511 1441.179 1441.6429 1442.0471 1442.3954 1442.6916 1442.9392 1443.1413 1443.3012 1443.4216 1443.5054 1443.5551 1443.5731 1443.5616 1443.5227 1443.4584 1443.3706
1389.0997 1388.1442 1387.3123 1386.671 1386.2588 1386.0861 1386.1413 1386.4016 1386.8425 1387.4463 1388.2056 1389.123 1390.2071 1391.467 1392.9078 1394.5265 1396.3116 1398.2439 1400.2988 1402.4493 1404.6674 1406.9263 1409.2009 1411.4681 1413.7072 1415.8999 1418.0304 1420.0855 1422.0545 1423.9294 1425.7046 1427.3764 1428.9435 1430.4057 1431.7643 1433.0218 1434.1811 1435.246 1436.2205 1437.1088 1437.9152 1438.6442 1439.2999 1439.8867 1440.4085 1440.8694 1441.2731 1441.6232 1441.923 1442.1758 1442.3846 1442.5524 1442.6818 1442.7755 1442.8358 1442.8649 1442.8651 1442.8384 1442.7865 1442.7114
1391.2987 1390.5451 1389.8899 1389.385 1389.063 1388.9371 1389.0046 1389.2537 1389.6695 1390.2406 1390.9609 1391.8304 1392.8529 1394.0326 1395.3707 1396.8633 1398.5003 1400.2661 1402.1407 1404.1018 1406.1262 1408.1907 1410.2735 1412.3542 1414.4143 1416.4372 1418.4085 1420.3159 1422.1496 1423.9016 1425.5662 1427.1397 1428.6198 1430.0059 1431.2986 1432.4992 1433.6102 1434.6343 1435.5747 1436.4349 1437.2187 1437.9297 1438.5718 1439.1485 1439.6636 1440.1206 1440.5229 1440.8737 1441.1762 1441.4333 1441.6479 1441.8227 1441.9601 1442.0627 1442.1327 1442.1722 1442.1833 1442.1678 1442.1277 1442.0645
1393.2479 1392.6531 1392.1403 1391.7497 1391.5085 1391.4305 1391.518 1391.7659 1392.166 1392.7109 1393.3961 1394.2204 1395.1848 1396.2904 1397.5361 1398.9174 1400.4253 1402.0466 1403.7648 1405.5613 1407.4163 1409.3102 1411.2238 1413.1392 1415.0398 1416.9107 1418.7388 1420.5128 1422.2233 1423.8628 1425.4257 1426.9079 1428.307 1429.6216 1430.8518 1431.9984 1433.0628 1434.0473 1434.9544 1435.787 1436.5482 1437.2412 1437.8691 1438.4353 1438.943 1439.3954 1439.7954 1440.1462 1440.4505 1440.711 1440.9305 1441.1113 1441.256 1441.3666 1441.4455 1441.4945 1441.5157 1441.5109 1441.4817 1441.4298
1394.9803 1394.5122 1394.1152 1393.8204 1393.6504 1393.6184 1393.7293 1393.9821 1394.3726 1394.8965 1395.5505 1396.3331 1397.2437 1398.2815 1399.4443 1400.727 1402.1215 1403.6165 1405.1981 1406.8505 1408.557 1410.3005 1412.0644 1413.8329 1415.5911 1417.3257 1419.0247 1420.6778 1422.2762 1423.8128 1425.2819 1426.6796 1428.0031 1429.2507 1430.4218 1431.5169 1432.5368 1433.4831 1434.3578 1435.1633 1435.9021 1436.5769 1437.1905 1437.7458 1438.2456 1438.6926 1439.0898 1439.4397 1439.745 1440.0082 1440.2318 1440.4179 1440.5689 1440.6869 1440.7738 1440.8317 1440.8622 1440.8672 1440.8483 1440.8071
1396.5228 1396.1573 1395.8553 1395.641 1395.5332 1395.5438 1395.6788 1395.9395 1396.3245 1396.8314 1397.458 1398.2027 1399.064 1400.0403 1401.1285 1402.3236 1403.618 1405.002 1406.4636 1407.9894 1409.5649 1411.1754 1412.8064 1414.4439 1416.0748 1417.6869 1419.2694 1420.8128 1422.309 1423.7513 1425.1341 1426.4535 1427.7065 1428.8912 1430.0067 1431.0528 1432.0302 1432.9398 1433.7831 1434.5621 1435.2788 1435.9355 1436.5347 1437.0787 1437.5701 1438.0114 1438.405 1438.7535 1439.0592 1439.3243 1439.5511 1439.7418 1439.8985 1440.023 1440.1173 1440.1832 1440.2225 1440.2367 1440.2274 1440.1961
1397.8978 1397.6163 1397.393 1397.2468 1397.193 1397.2421 1397.4004 1397.6705 1398.0526 1398.5456 1399.148 1399.8584 1400.675 1401.5956 1402.6169 1403.7337 1404.9395 1406.2254 1407.5811 1408.9949 1410.4545 1411.9471 1413.4598 1414.9803 1416.4969 1417.9987 1419.4759 1420.9197 1422.3227 1423.6784 1424.9817 1426.2286 1427.4159 1428.5417 1429.6047 1430.6045 1431.5413 1432.4156 1433.2286 1433.9818 1434.6768 1435.3156 1435.9002 1436.4328 1436.9155 1437.3506 1437.7402 1438.0867 1438.3921 1438.6585 1438.888 1439.0826 1439.2441 1439.3746 1439.4756 1439.5489 1439.5962 1439.6189 1439.6186 1439.5967
1399.1241 1398.9124 1398.755 1398.6665 1398.6593 1398.7429 1398.9229 1399.2028 1399.5835 1400.0649 1400.646 1401.3255 1402.1017 1402.972 1403.9331 1404.9801 1406.1069 1407.3057 1408.5675 1409.8822 1411.2388 1412.6263 1414.0334 1415.4491 1416.8629 1418.2652 1419.647 1421.0003 1422.3181 1423.5944 1424.8244 1426.004 1427.1302 1428.2008 1429.2145 1430.1704 1431.0684 1431.909 1432.6928 1433.4209 1434.0947 1434.7159 1435.286 1435.807 1436.2808 1436.7093 1437.0945 1437.4385 1437.743 1438.0102 1438.2417 1438.4396 1438.6055 1438.7412 1438.8483 1438.9284 1438.9831 1439.0137 1439.0218 1439.0087
1400.2177 1400.0649 1399.963 1399.9236 1399.957 1400.0709 1400.2708 1400.5601 1400.9403 1401.4118 1401.974 1402.6258 1403.3655 1404.1904 1405.0974 1406.0819 1407.1382 1408.2595 1409.4377 1410.664 1411.9289 1413.2225 1414.535 1415.8566 1417.1779 1418.4903 1419.7855 1421.0563 1422.2962 1423.4996 1424.6619 1425.7791 1426.8484 1427.8674 1428.8346 1429.7491 1430.6104 1431.4186 1432.1743 1432.8781 1433.5313 1434.1351 1434.6909 1435.2003 1435.665 1436.0867 1436.4671 1436.8081 1437.1114 1437.3787 1437.6118 1437.8123 1437.982 1438.1223 1438.2349 1438.3213 1438.3828 1438.4208 1438.4368 1438.4319
1401.1925 1401.0899 1401.0354 1401.0382 1401.1065 1401.2471 1401.4649 1401.763 1402.1432 1402.6061 1403.1515 1403.7783 1404.485 1405.269 1406.1273 1407.0557 1408.0489 1409.1009 1410.2045 1411.3518 1412.5346 1413.7442 1414.9717 1416.2086 1417.4464 1418.6773 1419.8938 1421.0893 1422.2579 1423.3943 1424.4941 1425.5536 1426.5698 1427.5406 1428.4641 1429.3393 1430.1657 1430.9431 1431.6718 1432.3523 1432.9854 1433.5721 1434.1138 1434.6116 1435.0671 1435.4818 1435.8571 1436.1948 1436.4964 1436.7635 1436.9976 1437.2003 1437.3732 1437.5177 1437.6352 1437.7272 1437.795 1437.8399 1437.8632 1437.866
