housing_costs_clipped_idw.asc
NCOLS 300
NROWS 300
XLLCORNER -74.3001
YLLCORNER 40.4664
DX 0.00214
DY 0.00154
NODATA_VALUE -9999
[rows 162 to 188 of 300, columns 120 to 179 of 300]
1469.8921 1472.4609 1475.1552 1477.9755 1480.917 1483.9667 1487.0988 1490.2663 1493.3858 1496.3063 1498.745 1500.1469 1499.3789 1494.0962 1479.6424 1445.9051 1387.3736 1427.2125 1537.4309 1699.4431 1891.6001 1787.7344 1876.7341 1739.059 1657.483 1602.9033 1587.5187 1595.4888 1654.651 1838.7693 1757.4447 1725.3688 1763.9761 1697.9994 1676.7956 1668.405 1785.6007 1597.9019 1467.6012 1446.2956 1359.0414 1310.6539 1268.2902 1197.5214 1215.5355 1216.7776 1196.5407 1215.1019 1212.6073 1173.8493 1200.0091 1215.083 1211.5963 1154.5958 1044.3728 1072.6222 1165.6142 1214.331 1206.4281 1149.2444
1464.3827 1466.597 1468.914 1471.3354 1473.8581 1476.471 1479.1505 1481.85 1484.4824 1486.8819 1488.7221 1489.3309 1487.2525 1479.2377 1458.6964 1407.8434 1152.9313 928.59702 1429.5936 1615.0124 1710.0974 1780.2306 2148.5157 1724.2373 1590.0104 1572.1482 1618.7369 1673.9176 1796.8441 1859.3641 1760.9722 1714.408 1744.4708 1690.4089 1629.8384 1660.5737 1750.6557 1532.2011 1447.3761 1480.6745 1347.0309 1280.8704 1256.1894 1065.2106 1202.8915 1183.2026 1073.4871 1198.3964 1236.2278 1198.364 1194.093 1164.0585 1179.7096 1121.7038 960.23965 1053.4427 1157.3364 1192.7441 1185.9885 1145.944
1458.9433 1460.8143 1462.7674 1464.8059 1466.9291 1469.1291 1471.3857 1473.6565 1475.8579 1477.8259 1479.2313 1479.388 1476.8012 1468.1767 1449.0203 1440.3484 1099.3498 726.71471 1375.8743 1556.675 1634.0943 1703.4339 1786.9762 1667.0039 1513.0491 1519.0115 1645.6432 1750.1037 2006.7836 1957.6847 1761.2969 1747.8404 1899.3562 1738.8626 1614.6149 1688.3131 1601.8934 1467.947 1401.2622 1357.5329 1321.097 1280.8423 1252.2483 1174.3581 1207.9784 1188.5988 1151.724 1179.9345 1155.7104 1156.9999 1182.9047 1160.2109 1164.6046 1093.0411 704.06247 1019.8871 1153.6252 1184.0632 1164.7138 1181.0912
1453.5755 1455.1121 1456.7115 1458.3794 1460.1178 1461.9229 1463.7796 1465.6529 1467.4701 1469.086 1470.2087 1470.2404 1467.9285 1460.7322 1446.2162 1437.9582 1292.8857 1214.6854 1411.4414 1528.1684 1588.4076 1630.7219 1652.1427 1630.1989 1589.7651 1591.2635 1677.6061 1882.2532 1965.4483 1850.6193 1799.4059 1899.3766 1766.5577 1682.7117 1592.359 1605.518 1518.6877 1387.1427 1341.8677 1201.7507 1288.8199 1280.5916 1250.8919 1041.4408 1213.8538 1183.792 1140.9689 1157.4927 865.50403 1063.4951 1172.5869 1164.2442 1155.0927 1038.1822 1005.004 1089.7032 1155.8916 1179.812 1186.8001 1189.3681
1448.281 1449.4898 1450.743 1452.0488 1453.4125 1454.8348 1456.3072 1457.8046 1459.2709 1460.5918 1461.5401 1461.6674 1460.0978 1455.2338 1445.0226 1426.3077 1386.2617 1382.6414 1450.5967 1514.9496 1558.0532 1587.6031 1605.0971 1623.6576 1681.9522 1636.6256 1700.1731 1902.2971 1958.2466 1793.9554 1808.7907 1873.1338 1737.788 1642.0487 1564.9352 1523.4675 1462.1947 1392.5342 1308.8225 1120.4008 1266.4487 1256.2073 1270.3546 1279.3494 1241.3849 1211.03 1171.8705 1104.9422 1061.179 1115.7721 1174.1108 1169.8493 1152.0487 990.75258 1040.6137 1122.3329 1151.8531 1167.9514 1199.7054 1203.4114
1443.0618 1443.9473 1444.859 1445.8075 1446.802 1447.8479 1448.9441 1450.0768 1451.2092 1452.2631 1453.085 1453.3868 1452.6529 1450.0521 1444.5412 1435.3542 1426.2376 1435.1807 1468.2558 1505.806 1536.9465 1561.4811 1580.8061 1608.0026 1675.0308 1647.2149 1717.8736 1780.2651 1797.0629 1801.6486 1884.9255 1778.9236 1923.7798 1641.4378 1541.7871 1486.4947 1433.329 1372.5362 1299.1401 1260.5493 1268.9049 1267.8574 1278.9705 1345.2013 1258.7952 1237.7616 1201.9107 1084.0242 1174.3643 1174.6747 1173.8902 1169.7379 1151.8123 1112.1736 1115.0489 1100.3642 1136.3525 1112.7964 1165.2749 1170.4898
1437.9205 1438.485 1439.0571 1439.65 1440.2764 1440.947 1441.6678 1442.4364 1443.2352 1444.0207 1444.707 1445.142 1445.0831 1444.2129 1442.3246 1440.0592 1440.8354 1450.8899 1471.4235 1496.2291 1520.4049 1543.234 1565.0345 1572.7217 1622.1791 1648.3144 1682.644 1734.4968 1787.2831 1881.5952 1780.7862 1741.2207 1874.2022 1618.9999 1519.4261 1462.2551 1410.4098 1343.4844 1200.6216 1239.5415 1252.2308 1263.2108 1260.4606 1261.2118 1252.1822 1254.5848 1271.6808 1239.4773 1223.453 1191.5904 1114.0959 1135.3819 1127.5573 1109.8563 1109.6807 1137.253 1146.3869 1060.6325 1138.7181 1106.9286
1432.8602 1433.1043 1433.3362 1433.5718 1433.8274 1434.1183 1434.4579 1434.8537 1435.3048 1435.7963 1436.2949 1436.7467 1437.0862 1437.2872 1437.5301 1438.6254 1442.5436 1451.7026 1466.4966 1484.9285 1505.2399 1527.401 1552.6941 1573.3041 1632.4358 1669.8828 1663.3592 1725.5863 1825.1968 1966.4618 1725.4169 1671.5289 1650.6988 1566.5658 1495.1596 1442.5146 1393.1858 1329.6515 1197.1556 1188.8581 1205.064 1241.2144 1205.9655 1206.1917 1227.1881 1261.4558 1350.8567 1486.5167 1249.0677 1204.8237 1150.5206 1145.6521 1130.9842 1113.9729 1069.7202 1162.5069 1161.3592 1110.0938 1133.6653 996.36461
1427.8854 1427.8078 1427.6966 1427.5702 1427.4481 1427.3506 1427.297 1427.3037 1427.3822 1427.5379 1427.7718 1428.0898 1428.5259 1429.1931 1430.3866 1432.7494 1437.3428 1445.2151 1456.6655 1471.4099 1489.4506 1510.9397 1535.8436 1567.3923 1687.7358 1822.2957 1681.2562 1760.589 2056.6202 1774.656 1701.5396 1627.6796 1578.7187 1524.7252 1471.8142 1425.2705 1380.2438 1329.4723 1272.6182 1225.8924 1227.2095 1230.8545 1211.5904 1209.0743 1226.5255 1256.2239 1271.7014 1264.5318 1242.4852 1216.5107 1194.2208 1180.6208 1177.5714 1172.6101 1171.1111 1184.5092 1171.2633 1022.8571 1137.0064 1119.722
1423.0018 1422.5995 1422.1399 1421.6438 1421.1339 1420.6347 1420.1712 1419.7667 1419.4414 1419.2114 1419.094 1419.1214 1419.3709 1420.0105 1421.3483 1423.8535 1428.0869 1434.4834 1443.236 1454.9706 1471.5166 1493.0949 1516.4976 1527.4578 1648.387 1772.3878 1694.8528 1752.1411 1847.211 1737.45 1760.3106 1602.0974 1542.8577 1495.8847 1451.5601 1409.8669 1368.758 1324.7852 1273.0385 1224.0152 1243.141 1251.4647 1248.2605 1238.5686 1227.8643 1247.0195 1232.608 1144.6626 1223.5741 1215.8123 1198.403 1152.1837 1199.2856 1203.1577 1203.5166 1199.0784 1174.3489 1158.1675 1181.818 1205.5782
1418.2164 1417.485 1416.6698 1415.7935 1414.882 1413.9638 1413.0693 1412.2277 1411.4644 1410.7987 1410.2466 1409.8367 1409.6469 1409.8587 1410.7862 1412.8024 1416.1679 1420.8609 1426.528 1433.8811 1448.8084 1473.9155 1495.1908 1513.2076 1579.9603 1642.6482 1739.3911 1843.4339 1694.4123 1673.4747 1666.5597 1573.3585 1518.48 1474.7858 1434.4838 1395.8601 1357.1907 1315.3861 1252.3705 1047.1708 1234.2047 1253.1321 1253.5779 1242.9108 1198.3369 1240.6925 1227.3898 1193.7636 1205.1324 1201.6603 1201.3281 1196.356 1204.0484 1217.6131 1217.8026 1192.4354 1153.3059 1193.3274 1217.6467 1248.6409
1413.5383 1412.4721 1411.292 1410.0223 1408.6916 1407.3329 1405.9819 1404.6744 1403.4398 1402.2947 1401.2384 1400.2652 1399.4089 1398.835 1398.9117 1400.042 1402.2673 1405.0573 1406.6092 1403.8728 1412.6613 1452.5255 1477.1788 1511.3817 1570.7885 1610.3762 1694.8727 1763.8313 1639.6903 1616.2998 1592.2323 1547.9644 1501.2049 1458.7241 1420.0087 1382.9202 1345.0997 1304.0202 1254.3514 1192.402 1239.1582 1237.6974 1247.0421 1252.0848 1243.6344 1236.6954 1229.3772 1206.0093 1160.9795 1162.9979 1178.1204 1209.9578 1172.1438 1225.8606 1229.6027 1203.7177 1211.4269 1219.7861 1235.0037 1248.3131
1408.9789 1407.5711 1406.0149 1404.3357 1402.5644 1400.7384 1398.9003 1397.0946 1395.3576 1393.7018 1392.0978 1390.47 1388.7396 1386.9891 1385.7338 1385.6863 1386.6462 1387.4867 1384.6712 1358.1008 1329.1494 1420.5548 1468.4247 1501.1084 1591.899 1623.4419 1604.0351 1620.344 1620.252 1609.9891 1576.8343 1547.0203 1492.9551 1446.5769 1407.5436 1370.8659 1332.3466 1285.7294 1247.6387 1234.2163 1244.3027 1233.205 1240.4207 1259.4477 1259.2018 1223.3442 1196.3961 1180.425 1111.0331 1138.9501 1178.0813 1217.9644 1210.5346 1236.4909 1238.5279 1237.6935 1233.9167 1230.7608 1240.1189 1243.5411
1404.552 1402.7953 1400.8502 1398.7423 1396.5042 1394.1777 1391.8142 1389.4717 1387.2022 1385.0218 1382.8681 1380.5568 1377.7806 1374.3238 1370.9138 1369.4588 1369.2317 1367.7275 1363.6103 1320.1809 1204.5562 1390.0236 1445.925 1481.5889 1538.9058 1561.7964 1552.579 1566.6288 1597.9772 1596.833 1618.0365 1610.1292 1493.8554 1437.0104 1396.4775 1359.6234 1320.1336 1259.19 1178.1067 1230.121 1237.0529 1210.0665 1213.6481 1258.4588 1262.2859 1223.5062 1190.7001 1128.9813 821.37787 1117.3159 1205.5616 1228.7286 1201.9634 1249.6597 1260.0499 1257.8087 1238.1824 1193.4768 1240.8055 1224.4418
1400.275 1398.1617 1395.8135 1393.2547 1390.5183 1387.6493 1384.7097 1381.7792 1378.9421 1376.2418 1373.5973 1370.6881 1366.8169 1360.8948 1353.2322 1350.2467 1349.9516 1342.6353 1340.0935 1333.3203 1317.0081 1383.5879 1425.2514 1455.5943 1486.652 1505.6251 1515.9814 1539.4137 1585.5934 1590.1246 1679.9989 1702.9283 1491.2586 1427.8821 1386.1672 1348.9096 1309.4219 1259.8896 1216.7988 1164.5232 1220.8766 1208.6289 1211.7516 1245.9793 1250.7815 1239.3681 1217.7796 1120.5483 513.42476 1116.5383 1221.7191 1241.4256 1250.0645 1266.2584 1282.0637 1278.621 1253.3146 1190.1932 1245.9309 1182.4461
1396.1692 1393.6922 1390.9258 1387.8911 1384.6187 1381.1538 1377.5683 1373.973 1370.5132 1367.3091 1364.3148 1361.0877 1356.4144 1347.3809 1329.0222 1324.196 1330.2049 1304.765 1292.7266 1335.119 1351.9176 1379.0876 1406.3565 1430.4012 1452.3715 1469.823 1486.8084 1523.031 1680.4128 1653.8842 1576.9838 1559.7037 1479.2336 1417.9414 1376.1618 1338.241 1295.2348 1253.2939 1204.8685 1206.2111 1219.2578 1212.4349 1215.9083 1227.3953 1238.297 1244.2692 1236.7909 1198.3236 1135.6142 1208.0707 1241.4592 1230.8825 1264.8102 1275.087 1285.9842 1313.0197 1293.7617 1263.3606 1244.8773 1249.3808
1392.2607 1389.4142 1386.2143 1382.6767 1378.8249 1374.697 1370.3675 1365.9839 1361.7931 1358.0872 1354.9843 1352.0239 1347.4781 1336.568 1297.9012 1287.7981 1313.6844 1276.1505 1241.4885 1325.3418 1347.0679 1366.5307 1387.1713 1407.3775 1425.9125 1442.3595 1460.4759 1496.6879 1628.492 1607.0484 1512.8111 1544.0994 1477.4973 1406.4917 1366.3776 1328.3683 1271.0996 1212.6227 1112.5749 1199.7826 1199.7293 1108.6007 1178.5628 1189.2596 1183.0633 1243.0583 1244.7557 1250.1805 1260.7417 1274.8874 1261.6999 1207.5436 1272.0517 1278.9572 1294.7324 1327.9216 1314.1549 1288.51 1192.2572 1281.3468
1388.582 1385.3627 1381.715 1377.6465 1373.168 1368.2962 1363.0869 1357.7121 1352.5643 1348.2732 1345.4079 1343.8275 1341.2649 1331.9379 1305.561 1297.1565 1292.9421 1294.0702 1293.6363 1315.1686 1331.4413 1348.0015 1366.4371 1385.7582 1403.2829 1418.8984 1435.1134 1459.1696 1497.9129 1495.0029 1467.8157 1478.4523 1441.0996 1392.3643 1356.9997 1321.2561 1266.8691 1205.4602 1227.1934 1204.5398 1198.1249 1183.2122 1208.8694 1215.6969 1203.8315 1249.0286 1259.0562 1269.4825 1277.5424 1282.3046 1279.0612 1268.4524 1283.7504 1278.601 1293.4071 1305.4683 1321.3074 1320.4007 1303.9754 1328.118
1385.1731 1381.5818 1377.4733 1372.8471 1367.6958 1361.9919 1355.7251 1349.0334 1342.4602 1337.2362 1334.9819 1336.9451 1341.4047 1332.7164 1320.434 1315.6151 1259.343 1296.2697 1304.2639 1293.2924 1312.0921 1322.4631 1342.5669 1364.8058 1382.9953 1398.1764 1411.8375 1426.0523 1439.3452 1440.1519 1432.5074 1424.4586 1404.4339 1379.5599 1348.5131 1311.0977 1284.0001 1252.7692 1236.0462 1232.7786 1244.2967 1251.0239 1244.0483 1236.8222 1242.9479 1258.4554 1270.0509 1287.1689 1311.4146 1304.3051 1297.0302 1220.6777 1293.6498 1197.6141 1280.6588 1241.6827 1341.557 1360.9273 1364.076 1414.3686
1382.084 1378.1272 1373.5465 1368.3377 1362.4778 1355.8638 1348.3333 1339.839 1330.9053 1323.6777 1322.0976 1330.5662 1364.8146 1339.9725 1322.3387 1358.8647 1302.9046 1297.9191 1299.4304 1295.2016 1290.8077 1275.0314 1313.2716 1344.4975 1364.5011 1380.0223 1391.9384 1400.851 1407.1954 1411.2409 1423.746 1405.9143 1394.5386 1372.3351 1344.3571 1279.1823 1286.1265 1252.854 1174.8953 1226.6825 1274.5791 1299.6514 1258.6475 1213.651 1235.2151 1250.4287 1258.4743 1301.9718 1316.855 1324.537 1327.1272 1267.0594 1334.1941 1288.9972 1324.975 1324.5471 1389.3824 1399.359 1410.8008 1421.4117
1379.378 1375.071 1370.0047 1364.1856 1357.6038 1350.0502 1341.0719 1330.1542 1317.1315 1304.7937 1303.1194 1317.3135 1377.0804 1333.4849 1311.9816 1332.6112 1299.6584 1290.4454 1288.2392 1280.8635 1260.2796 1155.6453 1285.564 1325.4931 1347.3958 1364.6018 1375.8957 1382.0164 1385.1733 1392.3097 1413.8453 1391.6285 1380.3036 1364.2745 1351.7804 1323.2495 1284.2288 1205.3829 1201.7476 1215.078 1267.0536 1282.7787 1262.2228 1241.1857 1250.8168 1265.93 1282.4096 1321.496 1336.4554 1352.2198 1377.5168 1437.5421 1429.1869 1444.7275 1428.9245 1386.7845 1398.6809 1400.1769 1401.6437 1401.1365
1377.1371 1372.5101 1366.9333 1360.4478 1353.1643 1344.7645 1334.2783 1320.3722 1300.7285 1273.7959 1269.831 1292.6164 1307.2058 1294.3452 1309.074 1287.7312 1271.4314 1288.9348 1272.1389 1252.6236 1216.9091 1225.9269 1278.8196 1305.0219 1331.2635 1352.4406 1363.7808 1369.1845 1367.5099 1380.3527 1377.8641 1363.7795 1351.0642 1353.2123 1373.2177 1405.2716 1307.0018 1166.5803 1188.089 1175.876 1244.4793 1232.1828 1257.8599 1244.6338 1243.998 1288.2332 1325.6117 1352.4941 1362.9919 1385.7223 1429.8356 1694.2243 1551.4961 1523.9873 1489.8336 1447.3538 1459.7576 1409.4373 1404.3559 1412.8711
1375.4689 1370.5848 1364.4458 1357.1185 1349.1643 1340.3039 1328.5373 1311.4111 1283.9494 1219.0421 1200.7265 1266.1954 1269.6231 1232.247 1272.3932 1249.4973 1191.4611 1259.6539 1246.5944 1185.9289 1215.7115 1245.5084 1262.1389 1285.0712 1321.0909 1344.7567 1356.0943 1361.507 1368.5561 1400.0461 1359.8299 1333.1772 1300.2315 1336.9217 1399.6581 1744.2845 1377.1371 1265.918 1233.3619 1227.6271 1234.0055 1174.0202 1252.2735 1240.7928 1236.9142 1297.1139 1352.8095 1382.9551 1394.6224 1427.1461 1480.3703 1559.1896 1493.6068 1432.2992 1419.6496 1502.0152 1558.501 1422.903 1416.4491 1431.8025
1374.5137 1369.5143 1362.7457 1354.0045 1345.17 1337.0431 1324.9514 1304.2154 1272.155 1197.9456 1170.4153 1246.5146 1243.517 1247.535 1237.9478 1190.8306 1192.0722 1235.5815 1213.7909 1112.1584 1223.1546 1223.8325 1163.803 1289.0697 1324.8847 1342.5501 1361.3561 1354.2082 1363.3028 1395.7294 1341.3752 1303.9497 1188.8872 1318.8966 1375.7812 1567.5047 1375.7827 1277.6752 1222.2314 1227.7262 1235.1433 1229.418 1244.8753 1248.2313 1262.0675 1288.5228 1354.5476 1453.2528 1436.8833 1479.7751 1667.3792 1496.1698 1397.3524 1369.2495 1327.3308 1434.3014 1455.8692 1422.6948 1429.3435 1455.0426
1374.4426 1369.6481 1362.3497 1350.6868 1338.6957 1335.3189 1326.8698 1299.413 1258.5551 1227.3512 1201.212 1234.9514 1225.4474 1248.5765 1211.2355 1062.7615 1216.9729 1217.9812 1115.9682 1207.5046 1223.2963 1224.7611 1182.6478 1292.0429 1349.7042 1343.8928 1364.4999 1343.1585 1345.5577 1347.288 1316.736 1254.6883 1282.0967 1311.9519 1323.0882 1370.1179 1336.2499 1289.4613 1257.6586 1185.0588 1228.3876 1187.3706 1220.599 1198.1483 1247.9013 1207.4098 1343.0574 1698.3532 1463.9989 1500.1694 1962.8492 1501.6771 1370.5703 1369.0019 1335.8217 1395.7124 1402.05 1414.6646 1442.0868 1487.8809
1375.4299 1371.4766 1364.5494 1348.9029 1322.6769 1335.2745 1347.3914 1299.3767 1209.3376 1209.5306 1174.8945 1234.7602 1250.3614 1239.5805 1196.002 1199.8775 1215.4139 1183.8207 1190.5933 1222.776 1140.3256 1241.2043 1267.7388 1292.6178 1352.9008 1336.3919 1326.4241 1318.1141 1336.6175 1336.81 1322.8273 1234.4023 1290.5239 1304.9705 1316.4509 1327.4484 1315.0274 1296.6753 1280.6899 1251.2731 1234.2963 1221.4539 1235.6661 1228.2174 1249.1613 1246.3555 1322.5084 1389.4855 1419.2672 1474.2025 1549.4282 1479.7558 1422.051 1402.1554 1391.1072 1370.9967 1336.2415 1400.2195 1454.9508 1545.2707
1377.5855 1375.4745 1371.4633 1358.0866 1334.046 1337.0377 1354.5273 1291.2438 1097.5258 1162.141 1237.5302 1245.5316 1248.528 1248.383 1220.0849 1227.5392 1200.1735 1159.326 1216.3712 1235.5144 1205.728 1266.2369 1292.0822 1255.401 1313.3956 1315.4694 1292.6658 1254.4509 1325.1835 1332.5662 1335.5223 1298.8742 1265.6296 1289.0078 1308.9845 1311.6697 1301.0729 1295.2791 1295.9117 1270.8611 1201.887 1253.107 1257.419 1231.6689 1210.1769 1285.8621 1309.0941 1081.2117 1372.0884 1462.3546 1508.2759 1471.932 1428.3085 1405.7253 1413.991 1362.1982 1281.955 1370.4442 1474.3786 1567.9592
