housing_costs_clipped_idw_1.5
NCOLS 300
NROWS 300
XLLCORNER -74.2425
YLLCORNER 40.5025
DX 0.00179
DY 0.00136
NODATA_VALUE -9999
[rows 260 to 285 of 300, columns 180 to 239 of 300]
1172.895 1270.6137 1323.1336 1344.2802 1355.1074 1361.7224 1366.2886 1369.726 1372.4823 1374.7986 1376.8154 1378.6197 1380.2692 1381.8034 1383.251 1384.634 1385.9696 1387.272 1388.5534 1389.8245 1391.0951 1392.3737 1393.6681 1394.9848 1396.3283 1397.7009 1399.1012 1400.5233 1401.9549 1403.3771 1404.7641 1406.0847 1407.3048 1408.392 1409.3191 1410.0667 1410.6247 1410.9924 1411.1782 1411.1978 1411.0734 1410.8304 1410.496 1410.0961 1409.6546 1409.1922 1408.7262 1408.2705 1407.836 1407.4304 1407.0586 1406.7232 1406.4248 1406.1622 1405.9333 1405.7357 1405.5667 1405.4241 1405.3061 1405.2114
1284.7322 1306.2767 1331.6352 1346.9028 1356.0672 1362.087 1366.3989 1369.7116 1372.3991 1374.673 1376.6609 1378.4437 1380.0755 1381.5939 1383.0266 1384.3942 1385.7133 1386.9973 1388.2575 1389.5037 1390.7445 1391.9873 1393.2384 1394.5027 1395.7834 1397.0814 1398.3942 1399.7158 1401.0351 1402.3364 1403.5987 1404.7978 1405.9077 1406.9037 1407.7646 1408.4751 1409.0269 1409.4189 1409.6568 1409.7526 1409.7231 1409.5881 1409.369 1409.0868 1408.7613 1408.4102 1408.0487 1407.6893 1407.3418 1407.0138 1406.7103 1406.4345 1406.1877 1405.9698 1405.78 1405.6168 1405.4785 1405.3636 1405.2707 1405.1988
1320.9878 1328.4121 1340.5207 1350.4951 1357.6515 1362.8305 1366.7484 1369.8564 1372.4275 1374.6295 1376.5693 1378.3174 1379.9222 1381.4182 1382.8306 1384.179 1385.4786 1386.7418 1387.9791 1389.1994 1390.4101 1391.6178 1392.8274 1394.0429 1395.2663 1396.4975 1397.7338 1398.9693 1400.1943 1401.3956 1402.5564 1403.6575 1404.6789 1405.6013 1406.4084 1407.088 1407.6332 1408.0429 1408.3211 1408.4769 1408.5231 1408.4753 1408.3505 1408.1659 1407.9378 1407.6814 1407.4098 1407.134 1406.8632 1406.6044 1406.3627 1406.1414 1405.9426 1405.7669 1405.6142 1405.4839 1405.375 1405.2865 1405.2175 1405.1673
1337.4113 1341.0627 1347.5712 1354.0762 1359.4906 1363.805 1367.2721 1370.1295 1372.5517 1374.6593 1376.5353 1378.2376 1379.8074 1381.2748 1382.6624 1383.988 1385.2653 1386.5057 1387.7188 1388.9123 1390.093 1391.2663 1392.4365 1393.6064 1394.7775 1395.949 1397.1181 1398.2794 1399.4246 1400.5425 1401.6197 1402.6408 1403.5901 1404.4526 1405.2155 1405.8692 1406.408 1406.8307 1407.1403 1407.3436 1407.4507 1407.4739 1407.4268 1407.3235 1407.1776 1407.0018 1406.8076 1406.6048 1406.4015 1406.2044 1406.0184 1405.847 1405.6925 1405.5562 1405.4386 1405.3395 1405.2586 1405.1954 1405.1492 1405.1196
1346.4263 1348.7571 1352.7654 1357.2074 1361.32 1364.8762 1367.9024 1370.4955 1372.7522 1374.7512 1376.5523 1378.2002 1379.7283 1381.162 1382.5209 1383.8205 1385.0731 1386.2891 1387.4766 1388.6429 1389.7937 1390.9336 1392.0662 1393.1937 1394.3169 1395.4349 1396.5449 1397.642 1398.719 1399.7668 1400.7743 1401.7293 1402.6193 1403.4325 1404.1588 1404.7906 1405.3232 1405.7555 1406.0897 1406.3311 1406.4876 1406.569 1406.5862 1406.551 1406.4745 1406.3677 1406.2403 1406.1011 1405.9574 1405.8153 1405.6795 1405.5536 1405.44 1405.3403 1405.2555 1405.1859 1405.1316 1405.0923 1405.0679 1405.0579
1352.0163 1353.7861 1356.5744 1359.8022 1363.0028 1365.9489 1368.5817 1370.9204 1373.0088 1374.8929 1376.6124 1378.2 1379.6815 1381.0776 1382.4045 1383.6756 1384.9016 1386.0915 1387.2527 1388.3914 1389.5125 1390.6201 1391.717 1392.805 1393.8844 1394.9542 1396.0119 1397.053 1398.0714 1399.0596 1400.0085 1400.9082 1401.7489 1402.5211 1403.2168 1403.8299 1404.3566 1404.796 1405.1496 1405.4217 1405.6185 1405.7479 1405.8188 1405.8407 1405.8232 1405.7754 1405.7059 1405.6224 1405.5312 1405.4381 1405.3476 1405.2629 1405.1869 1405.1212 1405.0671 1405.0252 1404.9959 1404.9794 1404.9755 1404.9842
1355.7896 1357.2828 1359.4215 1361.917 1364.4911 1366.9676 1369.2683 1371.3761 1373.3032 1375.0723 1376.7078 1378.2318 1379.6636 1381.019 1382.3115 1383.5521 1384.75 1385.9128 1387.0469 1388.1578 1389.2497 1390.3259 1391.3889 1392.4399 1393.4791 1394.5055 1395.5166 1396.5086 1397.4763 1398.4134 1399.3125 1400.1657 1400.9649 1401.7026 1402.3724 1402.9693 1403.4905 1403.9351 1404.3042 1404.6011 1404.831 1405.0001 1405.1158 1405.1861 1405.2188 1405.2218 1405.2025 1405.1676 1405.1229 1405.0735 1405.0236 1404.9765 1404.9348 1404.9005 1404.8749 1404.859 1404.8533 1404.8582 1404.8739 1404.9003
1358.503 1359.8416 1361.6059 1363.6428 1365.785 1367.9066 1369.9355 1371.8416 1373.6201 1375.2788 1376.8309 1378.2903 1379.6706 1380.9837 1382.2401 1383.4488 1384.6173 1385.7521 1386.8588 1387.9419 1389.005 1390.0509 1391.0816 1392.0981 1393.1003 1394.0872 1395.0567 1396.0053 1396.9288 1397.8218 1398.6783 1399.4917 1400.2556 1400.9639 1401.6116 1402.1946 1402.7106 1403.1588 1403.5402 1403.8575 1404.1146 1404.3168 1404.4702 1404.5813 1404.657 1404.7038 1404.7281 1404.7358 1404.7321 1404.7217 1404.7084 1404.6953 1404.6851 1404.6797 1404.6806 1404.6889 1404.7053 1404.7304 1404.7645 1404.8077
1360.5534 1361.7955 1363.328 1365.0654 1366.9047 1368.7588 1370.5686 1372.3025 1373.9476 1375.5034 1376.975 1378.3707 1379.6992 1380.9691 1382.1884 1383.3642 1384.5026 1385.609 1386.688 1387.7434 1388.7783 1389.7949 1390.7949 1391.779 1392.747 1393.698 1394.63 1395.5402 1396.4247 1397.2792 1398.0987 1398.8779 1399.6115 1400.2947 1400.9233 1401.4941 1402.0051 1402.4559 1402.8471 1403.1808 1403.4605 1403.6905 1403.8756 1404.0215 1404.1339 1404.2185 1404.2808 1404.3259 1404.3586 1404.3829 1404.4024 1404.4202 1404.4386 1404.4598 1404.4852 1404.516 1404.5532 1404.5972 1404.6487 1404.7078
1362.1666 1363.3419 1364.7213 1366.2543 1367.8765 1369.5273 1371.1614 1372.7498 1374.2774 1375.7388 1377.1345 1378.4684 1379.7458 1380.9725 1382.1544 1383.2968 1384.4048 1385.4825 1386.5338 1387.5618 1388.5691 1389.5575 1390.5282 1391.4819 1392.4182 1393.3363 1394.2344 1395.1101 1395.9601 1396.7809 1397.5681 1398.3176 1399.0249 1399.6863 1400.2982 1400.8581 1401.3644 1401.8167 1402.2157 1402.563 1402.8615 1403.1146 1403.3266 1403.5022 1403.6462 1403.7635 1403.8589 1403.9369 1404.0016 1404.0569 1404.106 1404.1516 1404.1963 1404.2418 1404.2899 1404.3416 1404.398 1404.4599 1404.5276 1404.6017
1363.479 1364.604 1365.8758 1367.2635 1368.7256 1370.2201 1371.7126 1373.1788 1374.6036 1375.9797 1377.3048 1378.5798 1379.8076 1380.9917 1382.1363 1383.2454 1384.3228 1385.3718 1386.3956 1387.3966 1388.3769 1389.338 1390.2809 1391.2059 1392.1127 1393.0006 1393.8679 1394.7125 1395.5317 1396.3225 1397.0814 1397.8047 1398.4891 1399.1312 1399.7284 1400.2786 1400.7804 1401.2336 1401.6387 1401.9971 1402.3111 1402.5838 1402.8186 1403.0195 1403.1907 1403.3363 1403.4606 1403.5675 1403.6607 1403.7436 1403.8192 1403.8901 1403.9586 1404.0265 1404.0954 1404.1665 1404.2409 1404.3193 1404.4024 1404.4907
1364.5776 1365.6617 1366.8535 1368.1336 1369.4744 1370.8465 1372.2241 1373.5873 1374.9227 1376.2223 1377.4823 1378.7018 1379.8819 1381.0245 1382.1324 1383.2085 1384.2555 1385.2761 1386.2726 1387.2471 1388.2011 1389.1359 1390.0522 1390.9501 1391.8295 1392.6893 1393.5284 1394.3449 1395.1365 1395.9005 1396.6341 1397.3344 1397.9984 1398.6236 1399.2077 1399.7489 1400.2464 1400.6998 1401.1097 1401.4771 1401.8041 1402.0932 1402.3474 1402.57 1402.7646 1402.9349 1403.0845 1403.2168 1403.3352 1403.4428 1403.5422 1403.636 1403.7261 1403.8144 1403.9025 1403.9915 1404.0826 1404.1765 1404.274 1404.3755
1365.5197 1366.5687 1367.6981 1368.8953 1370.1414 1371.4158 1372.699 1373.9752 1375.2328 1376.4639 1377.6642 1378.8318 1379.9664 1381.0691 1382.1412 1383.1848 1384.2019 1385.1944 1386.1642 1387.1127 1388.0412 1388.9506 1389.8414 1390.7138 1391.5673 1392.4013 1393.2144 1394.0052 1394.7717 1395.5116 1396.2226 1396.9023 1397.5482 1398.1581 1398.7304 1399.2635 1399.7568 1400.2099 1400.6233 1400.9981 1401.3359 1401.6389 1401.9095 1402.1507 1402.3656 1402.5573 1402.729 1402.8837 1403.0245 1403.1541 1403.2749 1403.3892 1403.499 1403.606 1403.7117 1403.8173 1403.9238 1404.0322 1404.143 1404.257
1366.3446 1367.3622 1368.4407 1369.5716 1370.7419 1371.9367 1373.1414 1374.3434 1375.5328 1376.7027 1377.8486 1378.9678 1380.0595 1381.1237 1382.1612 1383.1732 1384.161 1385.1259 1386.0694 1386.9926 1387.8963 1388.7813 1389.6478 1390.4959 1391.3252 1392.1349 1392.9241 1393.6914 1394.435 1395.1531 1395.8437 1396.5047 1397.1342 1397.7305 1398.292 1398.8176 1399.3066 1399.759 1400.1751 1400.5559 1400.9026 1401.2172 1401.5019 1401.7591 1401.9914 1402.2017 1402.3928 1402.5673 1402.7279 1402.8771 1403.0171 1403.15 1403.2777 1403.4017 1403.5236 1403.6444 1403.7652 1403.887 1404.0104 1404.136
1367.08 1368.0686 1369.104 1370.1802 1371.288 1372.4167 1373.555 1374.6932 1375.8228 1376.9379 1378.0339 1379.1083 1380.1595 1381.1871 1382.1912 1383.1725 1384.1317 1385.0698 1385.9877 1386.8862 1387.7659 1388.6273 1389.4705 1390.2955 1391.102 1391.8891 1392.656 1393.4015 1394.1241 1394.8223 1395.4943 1396.1384 1396.7531 1397.3369 1397.8885 1398.407 1398.8919 1399.3432 1399.7612 1400.1466 1400.5007 1400.8252 1401.1217 1401.3926 1401.6401 1401.8666 1402.0747 1402.2666 1402.4448 1402.6115 1402.7687 1402.9184 1403.0623 1403.2018 1403.3384 1403.4733 1403.6073 1403.7415 1403.8766 1404.013
1367.7457 1368.7071 1369.7047 1370.7344 1371.7896 1372.8622 1373.9437 1375.0263 1376.1031 1377.1688 1378.2194 1379.2521 1380.2653 1381.258 1382.2301 1383.1817 1384.1132 1385.0252 1385.9181 1386.7927 1387.6491 1388.4878 1389.3088 1390.1119 1390.8967 1391.6625 1392.4087 1393.1339 1393.8372 1394.517 1395.172 1395.8007 1396.4018 1396.974 1397.5164 1398.0282 1398.5091 1398.9589 1399.378 1399.7672 1400.1274 1400.46 1400.7667 1401.0493 1401.3099 1401.5505 1401.7734 1401.9807 1402.1745 1402.3568 1402.5294 1402.6943 1402.8528 1403.0065 1403.1566 1403.3043 1403.4506 1403.5963 1403.7421 1403.8887
1368.3563 1369.2917 1370.2556 1371.2448 1372.2546 1373.2787 1374.3108 1375.3445 1376.3743 1377.3954 1378.4043 1379.3984 1380.3758 1381.3355 1382.277 1383.2 1384.1047 1384.9913 1385.8601 1386.7114 1387.5454 1388.3622 1389.1618 1389.944 1390.7083 1391.4541 1392.1807 1392.8872 1393.5724 1394.2353 1394.8745 1395.4889 1396.0775 1396.639 1397.1728 1397.6783 1398.155 1398.6031 1399.0228 1399.4148 1399.7799 1400.1193 1400.4346 1400.7273 1400.9992 1401.2521 1401.488 1401.7088 1401.9164 1402.1126 1402.2991 1402.4775 1402.6493 1402.8159 1402.9784 1403.1379 1403.2954 1403.4517 1403.6076 1403.7636
1368.9227 1369.8332 1370.7661 1371.7193 1372.6891 1373.6708 1374.6593 1375.6496 1376.637 1377.6177 1378.5883 1379.5465 1380.4904 1381.4188 1382.331 1383.2265 1384.1053 1384.9674 1385.8128 1386.6416 1387.454 1388.2497 1389.0288 1389.791 1390.5358 1391.2627 1391.9709 1392.6598 1393.3282 1393.9752 1394.5999 1395.2011 1395.7779 1396.3295 1396.8552 1397.3545 1397.8271 1398.2732 1398.693 1399.087 1399.456 1399.8011 1400.1236 1400.4249 1400.7065 1400.9701 1401.2175 1401.4502 1401.67 1401.8786 1402.0774 1402.2681 1402.4519 1402.6301 1402.8039 1402.9742 1403.142 1403.3081 1403.4733 1403.6381
1369.4532 1370.3395 1371.2438 1372.1644 1373.0984 1374.0422 1374.9918 1375.9431 1376.8923 1377.8359 1378.7713 1379.696 1380.6083 1381.5071 1382.3914 1383.2606 1384.1145 1384.9529 1385.7757 1386.5828 1387.3742 1388.1497 1388.9091 1389.6521 1390.3784 1391.0873 1391.7782 1392.4504 1393.1031 1393.7353 1394.3463 1394.9351 1395.501 1396.0432 1396.5611 1397.0545 1397.5231 1397.9669 1398.3863 1398.7817 1399.1538 1399.5036 1399.8321 1400.1407 1400.4307 1400.7035 1400.9608 1401.204 1401.4347 1401.6542 1401.8642 1402.0658 1402.2605 1402.4492 1402.6332 1402.8135 1402.9907 1403.1659 1403.3396 1403.5125
1369.9541 1370.8169 1371.6944 1372.5849 1373.4865 1374.3961 1375.3105 1376.2264 1377.1407 1378.0504 1378.953 1379.8465 1380.7292 1381.5999 1382.4576 1383.3016 1384.1316 1384.9471 1385.7481 1386.5342 1387.3054 1388.0613 1388.8019 1389.5266 1390.2351 1390.9269 1391.6014 1392.2579 1392.8957 1393.5141 1394.1122 1394.6893 1395.2449 1395.7782 1396.2888 1396.7764 1397.2408 1397.6822 1398.1008 1398.497 1398.8714 1399.2249 1399.5585 1399.8733 1400.1704 1400.4513 1400.7173 1400.9697 1401.2099 1401.4392 1401.659 1401.8705 1402.0749 1402.2733 1402.4666 1402.6558 1402.8418 1403.0252 1403.2069 1403.3872
1370.4304 1371.2704 1372.1223 1372.9851 1373.8567 1374.735 1375.6174 1376.501 1377.3832 1378.2615 1379.1337 1379.998 1380.8527 1381.6968 1382.5291 1383.349 1384.1559 1384.9495 1385.7294 1386.4953 1387.2469 1387.9841 1388.7065 1389.4136 1390.1052 1390.7807 1391.4396 1392.0812 1392.7049 1393.3101 1393.8961 1394.4622 1395.008 1395.5328 1396.0363 1396.5182 1396.9786 1397.4173 1397.8347 1398.2312 1398.6073 1398.9638 1399.3015 1399.6215 1399.9248 1400.2126 1400.4861 1400.7465 1400.9951 1401.2331 1401.4618 1401.6821 1401.8953 1402.1023 1402.3041 1402.5015 1402.6954 1402.8864 1403.0753 1403.2626
1370.8858 1371.7037 1372.5313 1373.3679 1374.2118 1375.0612 1375.914 1376.7678 1377.6203 1378.4695 1379.3133 1380.1502 1380.9785 1381.7973 1382.6054 1383.4022 1384.1871 1384.9595 1385.719 1386.4654 1387.1983 1387.9173 1388.6222 1389.3126 1389.9879 1390.6478 1391.2918 1391.9192 1392.5296 1393.1223 1393.6967 1394.2524 1394.7888 1395.3055 1395.8021 1396.2786 1396.7347 1397.1706 1397.5866 1397.9829 1398.3601 1398.7188 1399.0599 1399.3842 1399.6927 1399.9864 1400.2664 1400.5339 1400.7899 1401.0356 1401.2721 1401.5003 1401.7214 1401.9362 1402.1456 1402.3505 1402.5516 1402.7496 1402.9451 1403.1388
1371.3236 1372.1198 1372.9242 1373.736 1374.554 1375.3765 1376.2018 1377.0278 1377.8528 1378.6747 1379.492 1380.303 1381.1064 1381.9011 1382.6862 1383.4609 1384.2245 1384.9766 1385.7165 1386.4441 1387.1589 1387.8605 1388.5485 1389.2226 1389.8824 1390.5274 1391.1571 1391.771 1392.3687 1392.9495 1393.5129 1394.0586 1394.586 1395.0949 1395.5849 1396.0559 1396.5078 1396.9408 1397.3549 1397.7507 1398.1285 1398.4889 1398.8326 1399.1605 1399.4733 1399.7721 1400.0578 1400.3314 1400.5939 1400.8463 1401.0897 1401.325 1401.5531 1401.7749 1401.9913 1402.2029 1402.4106 1402.6149 1402.8166 1403.0161
1371.7462 1372.5212 1373.3032 1374.0915 1374.885 1375.6823 1376.4819 1377.2821 1378.0812 1378.8776 1379.6698 1380.4564 1381.2362 1382.0081 1382.7711 1383.5246 1384.2679 1385.0003 1385.7214 1386.4308 1387.1281 1387.8129 1388.4847 1389.1433 1389.7881 1390.4188 1391.0348 1391.6358 1392.2212 1392.7906 1393.3436 1393.8797 1394.3985 1394.8998 1395.3833 1395.8489 1396.2966 1396.7264 1397.1386 1397.5335 1397.9114 1398.2729 1398.6187 1398.9495 1399.2659 1399.569 1399.8595 1400.1383 1400.4065 1400.6649 1400.9144 1401.156 1401.3904 1401.6185 1401.8411 1402.0588 1402.2725 1402.4826 1402.6898 1402.8946
1372.1554 1372.9098 1373.6703 1374.4362 1375.2064 1375.9799 1376.7553 1377.5311 1378.3059 1379.0783 1379.8469 1380.6104 1381.3677 1382.1178 1382.8598 1383.593 1384.3167 1385.0303 1385.7332 1386.4251 1387.1056 1387.7741 1388.4303 1389.0739 1389.7043 1390.3212 1390.9241 1391.5127 1392.0864 1392.6449 1393.1878 1393.7146 1394.2251 1394.7191 1395.1963 1395.6566 1396.1 1396.5266 1396.9365 1397.3302 1397.7078 1398.07 1398.4173 1398.7503 1399.0697 1399.3763 1399.6709 1399.9544 1400.2275 1400.491 1400.746 1400.9931 1401.2331 1401.4668 1401.695 1401.9182 1402.1373 1402.3526 1402.5649 1402.7746
1372.553 1373.2873 1374.027 1374.7713 1375.5195 1376.2704 1377.0228 1377.7757 1378.5275 1379.2771 1380.0233 1380.7649 1381.5008 1382.2302 1382.9521 1383.6658 1384.3706 1385.066 1385.7515 1386.4265 1387.0907 1387.7436 1388.3847 1389.0138 1389.6304 1390.234 1390.8243 1391.4009 1391.9634 1392.5114 1393.0446 1393.5625 1394.065 1394.5518 1395.0228 1395.4778 1395.9169 1396.3401 1396.7477 1397.1398 1397.5168 1397.8792 1398.2275 1398.5622 1398.884 1399.1936 1399.4916 1399.779 1400.0563 1400.3244 1400.5841 1400.8361 1401.0811 1401.3198 1401.553 1401.7812 1402.0051 1402.2252 1402.442 1402.6561
