housing_costs_clipped_idw_1.5
NCOLS 300
NROWS 300
XLLCORNER -74.2425
YLLCORNER 40.5025
DX 0.00179
DY 0.00136
NODATA_VALUE -9999
[rows 26 to 51 of 300, columns 60 to 119 of 300]
1401.568 1401.4714 1401.3702 1401.2642 1401.1533 1401.0372 1400.9156 1400.7882 1400.6549 1400.5154 1400.3693 1400.2164 1400.0564 1399.8889 1399.7136 1399.5302 1399.3382 1399.1374 1398.9274 1398.7076 1398.4777 1398.2374 1397.986 1397.7231 1397.4482 1397.1609 1396.8606 1396.5467 1396.2186 1395.8758 1395.5177 1395.1436 1394.7529 1394.3448 1393.9187 1393.4739 1393.0095 1392.5248 1392.0191 1391.4914 1390.9409 1390.3668 1389.7681 1389.1438 1388.4931 1387.8149 1387.1082 1386.372 1385.6052 1384.8067 1383.9754 1383.1101 1382.2096 1381.2728 1380.2985 1379.2854 1378.2322 1377.1376 1376.0005 1374.8194
1401.9214 1401.8306 1401.7353 1401.6354 1401.5307 1401.4208 1401.3055 1401.1847 1401.058 1400.9252 1400.786 1400.64 1400.4871 1400.3268 1400.1588 1399.9828 1399.7984 1399.6052 1399.4029 1399.191 1398.9691 1398.7367 1398.4935 1398.2388 1397.9723 1397.6933 1397.4014 1397.0961 1396.7766 1396.4424 1396.0929 1395.7275 1395.3455 1394.9461 1394.5287 1394.0925 1393.6368 1393.1607 1392.6634 1392.1442 1391.602 1391.036 1390.4453 1389.8289 1389.1858 1388.515 1387.8155 1387.0861 1386.3258 1385.5334 1384.7077 1383.8477 1382.952 1382.0194 1381.0486 1380.0385 1378.9875 1377.8945 1376.758 1375.5768
1402.2775 1402.1926 1402.1034 1402.0096 1401.9111 1401.8076 1401.6989 1401.5848 1401.4649 1401.3389 1401.2067 1401.0679 1400.9222 1400.7693 1400.6089 1400.4405 1400.2638 1400.0785 1399.8842 1399.6804 1399.4667 1399.2426 1399.0078 1398.7616 1398.5037 1398.2334 1397.9503 1397.6538 1397.3432 1397.018 1396.6776 1396.3212 1395.9483 1395.558 1395.1498 1394.7227 1394.276 1393.809 1393.3207 1392.8104 1392.277 1391.7198 1391.1376 1390.5296 1389.8947 1389.2319 1388.5401 1387.8181 1387.0649 1386.2793 1385.46 1384.6059 1383.7157 1382.788 1381.8216 1380.8151 1379.7672 1378.6764 1377.5414 1376.3606
1402.6361 1402.5573 1402.4742 1402.3868 1402.2947 1402.1977 1402.0957 1401.9883 1401.8754 1401.7565 1401.6315 1401.5 1401.3618 1401.2164 1401.0637 1400.9032 1400.7345 1400.5573 1400.3712 1400.1757 1399.9705 1399.755 1399.5288 1399.2915 1399.0425 1398.7812 1398.5072 1398.2198 1397.9186 1397.6027 1397.2717 1396.9248 1396.5613 1396.1806 1395.7819 1395.3644 1394.9273 1394.4698 1393.991 1393.4901 1392.9661 1392.4181 1391.845 1391.246 1390.6199 1389.9657 1389.2823 1388.5684 1387.823 1387.0448 1386.2326 1385.3851 1384.5011 1383.5791 1382.6177 1381.6157 1380.5716 1379.4838 1378.351 1377.1716
1402.9973 1402.9246 1402.8478 1402.7668 1402.6813 1402.591 1402.4958 1402.3954 1402.2895 1402.1778 1402.0602 1401.9362 1401.8056 1401.6681 1401.5232 1401.3708 1401.2103 1401.0414 1400.8638 1400.6769 1400.4804 1400.2738 1400.0566 1399.8283 1399.5885 1399.3366 1399.072 1398.7942 1398.5025 1398.1964 1397.8752 1397.5381 1397.1846 1396.8138 1396.4251 1396.0176 1395.5906 1395.1431 1394.6743 1394.1834 1393.6693 1393.1311 1392.5678 1391.9783 1391.3616 1390.7167 1390.0422 1389.3371 1388.6002 1387.8302 1387.0258 1386.1857 1385.3085 1384.393 1383.4375 1382.4408 1381.4012 1380.3173 1379.1876 1378.0104
1403.3609 1403.2945 1403.2241 1403.1496 1403.0708 1402.9873 1402.8991 1402.8058 1402.7071 1402.6029 1402.4928 1402.3765 1402.2537 1402.1242 1401.9874 1401.8432 1401.6912 1401.5309 1401.3619 1401.1839 1400.9964 1400.7989 1400.591 1400.3721 1400.1418 1399.8996 1399.6448 1399.3768 1399.0952 1398.7991 1398.4881 1398.1613 1397.8181 1397.4578 1397.0795 1396.6825 1396.266 1395.829 1395.3708 1394.8903 1394.3867 1393.8589 1393.3059 1392.7266 1392.12 1391.4849 1390.8202 1390.1245 1389.3968 1388.6357 1387.8398 1387.0079 1386.1384 1385.2301 1384.2813 1383.2907 1382.2565 1381.1774 1380.0516 1378.8775
1403.7269 1403.6669 1403.6031 1403.5352 1403.4632 1403.3867 1403.3055 1403.2195 1403.1282 1403.0316 1402.9292 1402.8207 1402.706 1402.5846 1402.4562 1402.3205 1402.1771 1402.0256 1401.8656 1401.6967 1401.5184 1401.3303 1401.132 1400.9228 1400.7024 1400.4701 1400.2254 1399.9677 1399.6964 1399.4108 1399.1103 1398.7942 1398.4618 1398.1123 1397.745 1397.359 1396.9535 1396.5276 1396.0804 1395.611 1395.1184 1394.6016 1394.0595 1393.491 1392.8951 1392.2706 1391.6162 1390.9308 1390.213 1389.4615 1388.675 1387.852 1386.9911 1386.0908 1385.1496 1384.1659 1383.1381 1382.0646 1380.9436 1379.7735
1404.0952 1404.0417 1403.9845 1403.9235 1403.8584 1403.789 1403.7151 1403.6364 1403.5528 1403.4638 1403.3693 1403.2689 1403.1624 1403.0494 1402.9295 1402.8025 1402.668 1402.5255 1402.3747 1402.2151 1402.0464 1401.868 1401.6795 1401.4804 1401.2701 1401.0481 1400.8138 1400.5667 1400.3061 1400.0314 1399.742 1399.437 1399.1158 1398.7776 1398.4216 1398.0471 1397.6531 1397.2388 1396.8032 1396.3454 1395.8644 1395.3592 1394.8287 1394.2717 1393.6872 1393.0739 1392.4307 1391.7561 1391.049 1390.308 1389.5315 1388.7183 1387.8668 1386.9755 1386.0427 1385.0669 1384.0463 1382.9794 1381.8642 1380.6991
1404.4658 1404.4189 1404.3685 1404.3144 1404.2563 1404.1942 1404.1277 1404.0566 1403.9806 1403.8995 1403.8131 1403.7209 1403.6228 1403.5183 1403.4073 1403.2892 1403.1637 1403.0305 1402.8891 1402.7392 1402.5803 1402.4119 1402.2335 1402.0447 1401.8448 1401.6335 1401.4101 1401.1739 1400.9244 1400.661 1400.3829 1400.0894 1399.7799 1399.4535 1399.1094 1398.7468 1398.3649 1397.9627 1397.5393 1397.0937 1396.6249 1396.1319 1395.6136 1395.0688 1394.4963 1393.895 1393.2636 1392.6007 1391.9051 1391.1753 1390.4098 1389.6072 1388.766 1387.8844 1386.961 1385.994 1384.9817 1383.9223 1382.814 1381.6549
1404.8386 1404.7984 1404.7548 1404.7077 1404.6569 1404.6021 1404.5432 1404.4798 1404.4117 1404.3387 1404.2604 1404.1767 1404.0871 1403.9915 1403.8893 1403.7804 1403.6642 1403.5405 1403.4089 1403.2688 1403.1199 1402.9618 1402.7938 1402.6156 1402.4266 1402.2263 1402.014 1401.7892 1401.5512 1401.2994 1401.0331 1400.7516 1400.4542 1400.14 1399.8083 1399.4582 1399.0888 1398.6993 1398.2886 1397.8558 1397.3999 1396.9197 1396.4142 1395.8823 1395.3226 1394.734 1394.1151 1393.4647 1392.7814 1392.0636 1391.31 1390.5189 1389.6888 1388.8181 1387.905 1386.9478 1385.9448 1384.894 1383.7935 1382.6415
1405.2134 1405.18 1405.1435 1405.1036 1405.0601 1405.0128 1404.9615 1404.906 1404.8459 1404.7811 1404.7113 1404.6361 1404.5553 1404.4686 1404.3757 1404.2761 1404.1695 1404.0555 1403.9338 1403.8039 1403.6654 1403.5177 1403.3605 1403.1932 1403.0154 1402.8263 1402.6255 1402.4124 1402.1863 1401.9466 1401.6925 1401.4234 1401.1386 1400.8371 1400.5182 1400.1811 1399.8249 1399.4485 1399.0512 1398.6318 1398.1893 1397.7227 1397.2307 1396.7123 1396.1661 1395.591 1394.9855 1394.3484 1393.6781 1392.9733 1392.2323 1391.4537 1390.6357 1389.7768 1388.875 1387.9287 1386.9359 1385.8947 1384.8033 1383.6594
1405.5903 1405.5638 1405.5344 1405.5018 1405.4657 1405.4261 1405.3826 1405.335 1405.2832 1405.2268 1405.1655 1405.0991 1405.0273 1404.9498 1404.8661 1404.7761 1404.6793 1404.5753 1404.4638 1404.3443 1404.2164 1404.0796 1403.9334 1403.7774 1403.611 1403.4336 1403.2447 1403.0436 1402.8298 1402.6025 1402.3611 1402.1049 1401.833 1401.5447 1401.2392 1400.9156 1400.573 1400.2105 1399.8271 1399.4217 1398.9933 1398.5408 1398.0631 1397.5589 1397.027 1396.4661 1395.8748 1395.2517 1394.5954 1393.9044 1393.1771 1392.4119 1391.607 1390.7608 1389.8714 1388.9369 1387.9555 1386.9252 1385.8439 1384.7094
1405.969 1405.9497 1405.9274 1405.9022 1405.8738 1405.8419 1405.8064 1405.767 1405.7234 1405.6756 1405.623 1405.5656 1405.5029 1405.4347 1405.3607 1405.2805 1405.1937 1405.0999 1404.9988 1404.89 1404.7729 1404.6473 1404.5124 1404.3679 1404.2133 1404.0479 1403.8712 1403.6826 1403.4815 1403.2671 1403.0388 1402.7958 1402.5375 1402.2629 1401.9712 1401.6617 1401.3333 1400.9851 1400.6162 1400.2255 1399.8119 1399.3742 1398.9114 1398.4222 1397.9053 1397.3594 1396.7831 1396.175 1395.5336 1394.8573 1394.1445 1393.3936 1392.6029 1391.7704 1390.8945 1389.973 1389.0042 1387.9858 1386.9158 1385.792
1406.3497 1406.3374 1406.3226 1406.3048 1406.2841 1406.2601 1406.2327 1406.2016 1406.1665 1406.1274 1406.0838 1406.0354 1405.9821 1405.9235 1405.8592 1405.789 1405.7124 1405.6291 1405.5387 1405.4408 1405.3349 1405.2206 1405.0974 1404.9648 1404.8223 1404.6693 1404.5052 1404.3294 1404.1413 1403.9402 1403.7254 1403.4962 1403.2518 1402.9914 1402.7142 1402.4192 1402.1056 1401.7724 1401.4186 1401.0431 1400.6449 1400.2229 1399.7757 1399.3022 1398.8011 1398.271 1397.7105 1397.1183 1396.4926 1395.832 1395.1348 1394.3992 1393.6236 1392.8061 1391.9447 1391.0374 1390.0822 1389.0771 1388.0196 1386.9077
1406.732 1406.7271 1406.7196 1406.7095 1406.6966 1406.6807 1406.6615 1406.6388 1406.6124 1406.5821 1406.5476 1406.5085 1406.4647 1406.4159 1406.3616 1406.3016 1406.2354 1406.1628 1406.0834 1405.9967 1405.9022 1405.7996 1405.6884 1405.568 1405.4379 1405.2976 1405.1464 1404.9839 1404.8092 1404.6218 1404.421 1404.206 1403.9761 1403.7303 1403.468 1403.1882 1402.8899 1402.5723 1402.2342 1401.8747 1401.4926 1401.0867 1400.6559 1400.1989 1399.7144 1399.201 1398.6572 1398.0817 1397.4727 1396.8287 1396.1481 1395.4289 1394.6695 1393.868 1393.0223 1392.1304 1391.1901 1390.1994 1389.1559 1388.0572
1407.1161 1407.1185 1407.1186 1407.1162 1407.1113 1407.1035 1407.0926 1407.0785 1407.0609 1407.0396 1407.0143 1406.9848 1406.9507 1406.9118 1406.8677 1406.8181 1406.7626 1406.701 1406.6327 1406.5575 1406.4747 1406.3841 1406.2851 1406.1772 1406.0599 1405.9326 1405.7948 1405.6458 1405.4851 1405.3118 1405.1254 1404.9251 1404.71 1404.4795 1404.2326 1403.9685 1403.6861 1403.3846 1403.063 1402.72 1402.3547 1401.9658 1401.5522 1401.1124 1400.6453 1400.1494 1399.6232 1399.0653 1398.474 1397.8476 1397.1845 1396.4829 1395.7409 1394.9564 1394.1276 1393.2523 1392.3283 1391.3533 1390.3251 1389.241
1407.5017 1407.5115 1407.5193 1407.5248 1407.5279 1407.5284 1407.526 1407.5207 1407.512 1407.4999 1407.484 1407.4641 1407.4399 1407.4111 1407.3774 1407.3384 1407.2939 1407.2434 1407.1866 1407.123 1407.0523 1406.9739 1406.8875 1406.7924 1406.6882 1406.5743 1406.4502 1406.3152 1406.1687 1406.01 1405.8385 1405.6533 1405.4537 1405.2388 1405.0079 1404.76 1404.4942 1404.2095 1403.9048 1403.5791 1403.2313 1402.8601 1402.4644 1402.0427 1401.5938 1401.1163 1400.6086 1400.0692 1399.4966 1398.8889 1398.2444 1397.5614 1396.8378 1396.0717 1395.261 1394.4036 1393.4971 1392.5393 1391.5277 1390.4598
1407.8887 1407.9061 1407.9217 1407.9352 1407.9464 1407.9553 1407.9616 1407.9651 1407.9655 1407.9627 1407.9564 1407.9463 1407.9322 1407.9137 1407.8906 1407.8625 1407.8291 1407.79 1407.7449 1407.6933 1407.6348 1407.569 1407.4954 1407.4135 1407.3227 1407.2226 1407.1125 1406.9919 1406.8601 1406.7164 1406.5601 1406.3905 1406.2068 1406.0082 1405.7938 1405.5627 1405.314 1405.0467 1404.7597 1404.452 1404.1223 1403.7696 1403.3925 1402.9898 1402.56 1402.1017 1401.6134 1401.0936 1400.5405 1399.9525 1399.3278 1398.6645 1397.9606 1397.214 1396.4227 1395.5845 1394.6969 1393.7577 1392.7642 1391.7139
1408.2771 1408.3022 1408.3256 1408.3472 1408.3668 1408.3842 1408.3992 1408.4117 1408.4213 1408.428 1408.4314 1408.4313 1408.4274 1408.4195 1408.4071 1408.3901 1408.3681 1408.3406 1408.3074 1408.2681 1408.2221 1408.1691 1408.1087 1408.0402 1407.9633 1407.8772 1407.7816 1407.6757 1407.559 1407.4307 1407.2902 1407.1367 1406.9694 1406.7875 1406.5902 1406.3765 1406.1455 1405.8962 1405.6276 1405.3384 1405.0277 1404.6942 1404.3366 1403.9535 1403.5437 1403.1056 1402.6376 1402.1383 1401.6059 1401.0387 1400.4348 1399.7924 1399.1093 1398.3836 1397.6131 1396.7954 1395.9281 1395.0089 1394.0351 1393.004
1408.6668 1408.6996 1408.731 1408.7607 1408.7887 1408.8148 1408.8387 1408.8603 1408.8793 1408.8956 1408.9089 1408.9189 1408.9255 1408.9282 1408.9269 1408.9211 1408.9107 1408.8951 1408.8741 1408.8472 1408.8141 1408.7742 1408.7272 1408.6725 1408.6097 1408.5381 1408.4573 1408.3666 1408.2653 1408.1529 1408.0286 1407.8916 1407.7412 1407.5766 1407.3969 1407.2012 1406.9885 1406.7579 1406.5082 1406.2384 1405.9474 1405.6338 1405.2965 1404.934 1404.545 1404.1279 1403.6813 1403.2035 1402.6929 1402.1475 1401.5656 1400.9452 1400.2843 1399.5807 1398.8322 1398.0365 1397.1911 1396.2934 1395.3408 1394.3306
1409.0576 1409.0983 1409.1377 1409.1758 1409.2123 1409.2471 1409.28 1409.3108 1409.3394 1409.3654 1409.3888 1409.4091 1409.4263 1409.4399 1409.4497 1409.4555 1409.4568 1409.4533 1409.4447 1409.4306 1409.4105 1409.3841 1409.3508 1409.3102 1409.2618 1409.2051 1409.1394 1409.0643 1408.9789 1408.8828 1408.7751 1408.6552 1408.5222 1408.3754 1408.2139 1408.0367 1407.8429 1407.6316 1407.4016 1407.1519 1406.8812 1406.5884 1406.2721 1405.931 1405.5638 1405.1687 1404.7444 1404.2892 1403.8013 1403.279 1402.7202 1402.1232 1401.4857 1400.8055 1400.0805 1399.3082 1398.486 1397.6115 1396.6818 1395.6941
1409.4495 1409.4981 1409.5457 1409.5921 1409.6372 1409.6809 1409.7229 1409.7631 1409.8013 1409.8373 1409.8708 1409.9017 1409.9296 1409.9543 1409.9755 1409.9929 1410.0062 1410.0151 1410.0191 1410.018 1410.0113 1409.9985 1409.9793 1409.9532 1409.9196 1409.878 1409.8279 1409.7686 1409.6996 1409.6202 1409.5296 1409.4272 1409.3121 1409.1836 1409.0408 1408.8828 1408.7086 1408.5172 1408.3076 1408.0786 1407.8291 1407.5578 1407.2634 1406.9446 1406.6 1406.228 1405.827 1405.3953 1404.9313 1404.4331 1403.8988 1403.3262 1402.7134 1402.0581 1401.358 1400.6106 1399.8133 1398.9635 1398.0584 1397.0951
1409.8423 1409.8989 1409.9547 1410.0096 1410.0635 1410.1161 1410.1674 1410.2171 1410.2651 1410.3111 1410.355 1410.3965 1410.4353 1410.4713 1410.504 1410.5333 1410.5589 1410.5803 1410.5972 1410.6093 1410.6162 1410.6175 1410.6126 1410.6012 1410.5827 1410.5566 1410.5224 1410.4795 1410.4272 1410.3649 1410.2919 1410.2075 1410.1108 1410.0012 1409.8777 1409.7394 1409.5854 1409.4146 1409.226 1409.0185 1408.7909 1408.5419 1408.2703 1407.9747 1407.6536 1407.3055 1406.9288 1406.5219 1406.0829 1405.61 1405.1012 1404.5545 1403.9678 1403.3387 1402.665 1401.944 1401.1732 1400.3499 1399.4711 1398.5338
1410.236 1410.3006 1410.3648 1410.4283 1410.4909 1410.5527 1410.6133 1410.6726 1410.7305 1410.7867 1410.8411 1410.8934 1410.9433 1410.9907 1411.0352 1411.0766 1411.1145 1411.1487 1411.1788 1411.2044 1411.2251 1411.2406 1411.2504 1411.254 1411.251 1411.2408 1411.2229 1411.1966 1411.1615 1411.1168 1411.0618 1410.9958 1410.9181 1410.8279 1410.7242 1410.6063 1410.473 1410.3235 1410.1567 1409.9714 1409.7664 1409.5406 1409.2926 1409.021 1408.7244 1408.4013 1408.0499 1407.6687 1407.2559 1406.8095 1406.3276 1405.8081 1405.2488 1404.6474 1404.0015 1403.3086 1402.5659 1401.7707 1400.9201 1400.0109
1410.6303 1410.7031 1410.7757 1410.8478 1410.9194 1410.9904 1411.0604 1411.1295 1411.1974 1411.264 1411.329 1411.3922 1411.4534 1411.5123 1411.5688 1411.6224 1411.673 1411.7202 1411.7636 1411.803 1411.8379 1411.8679 1411.8926 1411.9116 1411.9243 1411.9303 1411.929 1411.9199 1411.9023 1411.8756 1411.8391 1411.7921 1411.7338 1411.6635 1411.5803 1411.4832 1411.3714 1411.2438 1411.0994 1410.937 1410.7556 1410.5537 1410.3302 1410.0835 1409.8124 1409.5152 1409.1902 1408.8359 1408.4504 1408.0317 1407.5779 1407.0869 1406.5565 1405.9842 1405.3678 1404.7045 1403.9917 1403.2265 1402.4058 1401.5266
1411.0252 1411.1063 1411.1873 1411.2682 1411.3488 1411.429 1411.5087 1411.5876 1411.6657 1411.7427 1411.8184 1411.8927 1411.9654 1412.0361 1412.1046 1412.1708 1412.2342 1412.2946 1412.3516 1412.4049 1412.4542 1412.499 1412.539 1412.5736 1412.6024 1412.625 1412.6407 1412.649 1412.6494 1412.6411 1412.6236 1412.596 1412.5577 1412.5078 1412.4456 1412.3701 1412.2803 1412.1753 1412.054 1411.9154 1411.7581 1411.581 1411.3828 1411.1621 1410.9173 1410.647 1410.3496 1410.0232 1409.6662 1409.2765 1408.8521 1408.391 1407.8908 1407.3493 1406.7639 1406.1319 1405.4507 1404.7172 1403.9285 1403.0813
