housing_costs_clipped_idw_1.5
NCOLS 300
NROWS 300
XLLCORNER -74.2425
YLLCORNER 40.5025
DX 0.00179
DY 0.00136
NODATA_VALUE -9999
[rows 104 to 129 of 300, columns 180 to 239 of 300]
1395.1217 1413.9728 1387.0941 1381.6204 1375.3582 1374.8667 1378.4349 1382.1671 1401.5771 1385.9178 1371.9276 1364.5911 1361.8584 1362.3063 1363.5588 1364.1508 1363.7961 1363.8985 1365.3563 1368.9595 1374.1145 1376.1434 1378.6666 1388.2906 1378.9944 1386.8722 1422.0854 1569.3278 1415.0399 1400.4026 1398.7782 1398.9347 1395.2758 1390.123 1386.1632 1383.2425 1380.9848 1379.2176 1377.8167 1376.6368 1375.5056 1374.2455 1372.7219 1370.9202 1369.0561 1367.7097 1367.855 1370.3622 1371.1973 1364.8333 1358.6133 1353.8408 1338.8321 1354.4939 1374.7905 1390.8282 1392.2249 1399.3727 1402.1163 1434.8363
1391.0906 1391.2379 1384.538 1380.8232 1365.6795 1369.8146 1378.1252 1379.8578 1381.4886 1377.08 1370.7659 1366.4504 1364.3381 1363.9087 1364.3479 1365.1684 1365.7704 1365.8847 1367.7416 1374.1285 1389.228 1390.1622 1382.0171 1388.5929 1379.2524 1385.7795 1404.1456 1423.4284 1412.4013 1409.2517 1411.4945 1419.1885 1408.502 1397.1947 1391.0794 1386.9512 1383.7708 1381.2935 1379.3498 1377.7492 1376.301 1374.8351 1373.2309 1371.4651 1369.6989 1368.4672 1369.3225 1378.2582 1393.8165 1370.0992 1361.8855 1356.9754 1337.0751 1352.9965 1370.5792 1378.6496 1384.0237 1394.2884 1406.7296 1426.7712
1386.4087 1388.9399 1387.672 1384.4225 1376.8944 1375.0685 1381.2555 1387.2664 1376.4168 1372.7918 1369.4858 1367.025 1365.6663 1365.255 1365.6511 1367.5802 1370.6193 1367.9519 1369.3286 1378.2698 1432.0569 1428.2357 1380.7825 1376.079 1376.9461 1383.519 1394.2777 1404.8786 1417.6566 1429.1631 1428.2299 1503.7515 1428.0377 1404.8349 1396.7858 1391.1976 1386.8037 1383.4803 1380.9615 1378.952 1377.202 1375.5124 1373.7348 1371.788 1369.7191 1367.9242 1368.1375 1380.5114 1439.0119 1370.23 1361.9578 1359.1069 1356.1264 1359.7883 1366.8005 1369.5286 1366.1871 1386.3588 1402.1625 1416.6274
1387.9122 1390.1704 1393.9385 1395.1135 1382.1306 1378.1623 1378.9774 1382.5834 1372.9551 1370.1311 1368.3789 1367.2189 1366.6482 1366.5365 1366.975 1369.9968 1392.8602 1369.3701 1369.5843 1376.5658 1408.7302 1405.9341 1374.596 1370.0461 1373.6961 1382.3705 1393.2233 1402.5411 1433.8433 1521.7379 1432.7118 1505.0072 1432.1978 1412.6216 1404.3559 1396.3221 1390.0825 1385.7216 1382.5983 1380.1935 1378.1552 1376.2313 1374.2205 1371.9463 1369.26 1366.1575 1363.4488 1365.0272 1369.0229 1361.0561 1358.9259 1358.6525 1357.39 1357.4334 1361.8169 1359.6671 1331.0302 1378.9705 1396.3309 1406.9162
1390.1929 1393.6976 1405.222 1455.6239 1384.1128 1374.958 1371.7444 1370.9892 1368.9084 1367.7644 1367.34 1367.3687 1367.7578 1368.1361 1368.2955 1369.584 1371.6989 1369.2694 1368.9597 1371.4627 1376.4684 1372.6198 1362.4444 1361.4433 1368.96 1383.5641 1406.1749 1403.8141 1419.0454 1442.8477 1417.8341 1424.6932 1424.324 1427.0106 1417.6375 1402.6897 1393.4635 1387.9111 1384.1999 1381.4332 1379.1307 1376.9791 1374.7156 1372.0485 1368.5628 1363.5702 1356.0197 1345.9962 1341.277 1347.2838 1353.3897 1355.9506 1355.0847 1352.9399 1354.9061 1342.9143 1342.1726 1374.7513 1391.132 1397.6593
1392.4681 1409.4194 1401.5423 1407.7113 1379.3508 1364.9942 1364.1314 1364.053 1364.6222 1365.1276 1366.2037 1367.6337 1369.5879 1371.1727 1370.2514 1369.9767 1370.9346 1369.9933 1368.8005 1368.6258 1364.8305 1355.8541 1341.5748 1346.0243 1358.9513 1392.1479 1417.6425 1401.3619 1401.4438 1404.5028 1395.0933 1408.3622 1426.9992 1483.4092 1445.7834 1409.4205 1396.4995 1389.8982 1385.71 1382.6441 1380.114 1377.7607 1375.2683 1372.2381 1367.985 1360.9952 1347.1251 1315.0684 1289.1604 1327.8127 1346.4543 1351.5299 1351.66 1344.4659 1343.5097 1333.0476 1329.5927 1370.9982 1386.6404 1386.0133
1391.6648 1413.1704 1394.4462 1392.9012 1374.02 1355.9697 1352.2402 1355.7825 1359.8055 1360.826 1364.8334 1368.0376 1373.0384 1381.2607 1373.656 1371.5466 1376.9661 1374.312 1370.0749 1376.1543 1359.3221 1344.078 1243.6886 1323.0574 1322.4834 1422.069 1399.783 1392.5537 1396.0357 1394.2057 1315.4357 1402.2464 1428.9431 1600.769 1464.5816 1412.7378 1398.6211 1391.5699 1387.1049 1383.8181 1381.1018 1378.5862 1375.9257 1372.6533 1367.9149 1359.6469 1340.8847 1269.5401 1032.0512 1308.4672 1340.1987 1344.1131 1345.5483 1330.2274 1329.5735 1345.1108 1349.8781 1365.2317 1383.5518 1371.3566
1386.676 1388.8442 1389.4647 1425.0397 1368.8468 1325.1309 1326.1441 1342.7319 1353.9422 1358.6771 1364.2545 1368.3595 1376.2708 1480.1359 1376.3565 1372.2092 1398.7535 1383.2058 1369.3382 1400.2337 1356.6623 1342.1876 1306.2388 1327.7131 1339.1643 1373.0145 1382.1084 1386.4496 1394.1425 1396.1396 1394.5562 1408.2621 1421.6338 1446.8204 1433.363 1412.0453 1399.8742 1392.9737 1388.4271 1384.973 1382.0967 1379.4606 1376.7138 1373.3743 1368.5893 1360.4178 1343.0082 1291.3971 1219.9528 1314.8079 1336.9518 1321.0412 1335.8071 1336.2241 1326.7283 1343.0327 1339.4987 1338.0861 1381.768 1405.5352
1380.0457 1379.7094 1387.696 1388.5663 1353.9387 1182.8364 1274.5872 1307.176 1346.4908 1359.5784 1364.7902 1368.4988 1373.3805 1381.2347 1372.4364 1369.4211 1375.8661 1371.2167 1363.0825 1360.5975 1351.6095 1342.5917 1334.8707 1336.7512 1345.3322 1358.8495 1370.1492 1382.4893 1408.4323 1405.9414 1409.217 1433.0045 1418.7949 1419.1476 1423.2673 1415.3172 1400.845 1394.3713 1389.8183 1386.1519 1383.1005 1380.3763 1377.6256 1374.3913 1369.9567 1362.9702 1350.6818 1329.9113 1317.6383 1331.9812 1338.8698 1300.2687 1332.1338 1335.7599 1299.1482 1332.9423 1320.6564 1250.1871 1381.9773 1432.4042
1376.0902 1374.3837 1392.9461 1414.4278 1353.6859 1268.3783 1296.1489 1301.3498 1346.417 1360.2225 1365.8886 1369.406 1370.8772 1370.6039 1367.6106 1364.9248 1363.6149 1360.5567 1356.0589 1350.9231 1343.9072 1337.8422 1333.7529 1331.9311 1337.1204 1347.3523 1359.6526 1376.7586 1434.4551 1411.5048 1415.6288 1575.3725 1418.095 1410.9753 1416.5208 1412.6624 1401.7474 1396.3933 1391.5616 1387.4028 1384.0998 1381.308 1378.623 1375.6197 1371.7537 1366.2338 1358.0611 1347.1065 1332.5167 1340.2819 1344.4213 1340.0443 1341.7248 1340.1017 1333.5964 1258.8872 1332.7087 1345.9135 1386.4397 1426.2721
1379.3273 1379.8063 1386.2166 1387.522 1361.1899 1338.4878 1337.2705 1344.8491 1354.5795 1362.2107 1368.225 1373.9335 1371.7609 1367.4396 1363.9118 1360.3045 1356.1466 1352.5282 1349.4363 1342.282 1331.0255 1324.8341 1322.8652 1307.4677 1316.2597 1328.7517 1342.9081 1365.6724 1388.1991 1394.8683 1402.8538 1419.288 1409.8994 1407.055 1408.4506 1407.8987 1404.3 1401.0522 1394.1008 1388.7047 1385.0477 1382.214 1379.65 1376.9471 1373.7001 1369.456 1363.7857 1356.2047 1341.5209 1345.8162 1346.3789 1346.7878 1343.6642 1320.9343 1340.4033 1320.4773 1345.9699 1364.6024 1385.4817 1396.0499
1380.8143 1379.604 1378.8622 1374.9124 1365.4352 1357.5177 1357.3344 1358.92 1360.3739 1364.0245 1371.4466 1401.3757 1376.4091 1364.5946 1359.874 1354.921 1346.5544 1339.9146 1345.0743 1329.5245 1305.3811 1292.0638 1301.9711 1197.4169 1277.1976 1291.562 1265.3877 1355.4326 1376.944 1384.2735 1389.8915 1399.8519 1405.1694 1407.474 1410.1065 1416.4963 1411.2187 1419.7157 1397.3319 1389.8208 1385.8566 1383.044 1380.6477 1378.2724 1375.6071 1372.3711 1368.3284 1363.2267 1357.0671 1350.8142 1332.6658 1342.7822 1347.7791 1328.245 1347.6327 1345.0776 1350.9644 1356.2953 1381.7928 1384.7133
1381.0364 1378.4242 1375.289 1371.2895 1367.1164 1365.181 1375.2749 1370.7915 1362.2455 1364.0167 1370.5226 1404.3148 1375.6124 1360.3921 1355.2972 1347.8252 1333.948 1283.2983 1360.316 1289.1613 1306.1196 1304.5826 1278.0763 1305.9916 1297.2552 1305.7471 1316.3981 1358.7606 1377.0659 1379.0353 1369.4699 1396.3678 1410.6258 1425.7833 1413.5314 1450.166 1413.1946 1429.7431 1398.0811 1390.3517 1386.4442 1383.7558 1381.5669 1379.5225 1377.3756 1374.9335 1372.0479 1368.5706 1364.0839 1354.2706 1269.714 1336.5412 1357.7918 1356.5366 1352.8897 1331.0736 1337.9148 1269.2444 1381.048 1422.0901
1380.5666 1377.0762 1371.8891 1366.5871 1366.5571 1367.2217 1382.2538 1374.3282 1354.8776 1361.2644 1364.2954 1369.7566 1368.9335 1363.9586 1360.0058 1354.4023 1341.4596 1326.1534 1341.5424 1328.0039 1325.0864 1324.8614 1324.0049 1327.1313 1328.2753 1334.4055 1345.8401 1361.1336 1373.2818 1395.1377 1349.1097 1404.3703 1431.0766 1419.4462 1407.6665 1410.0265 1405.945 1403.4784 1395.8006 1390.3025 1386.8102 1384.3299 1382.3728 1380.6499 1378.9599 1377.1575 1375.1405 1372.7947 1369.677 1363.3636 1348.397 1359.9851 1369.8603 1367.4076 1357.3917 1278.35 1315.7957 1360.0031 1394.6309 1441.4398
1379.7467 1375.8568 1367.6749 1341.4089 1364.3604 1365.0795 1367.6022 1366.5742 1361.7591 1348.7447 1354.0125 1356.3443 1366.0484 1366.4502 1363.4348 1359.2385 1353.2766 1348.8871 1347.6051 1341.5667 1333.8887 1328.8192 1332.6484 1336.0152 1339.6602 1345.2598 1353.7283 1363.0597 1371.5547 1379.3128 1380.0962 1394.3712 1404.0028 1400.9279 1402.3786 1406.8766 1403.7297 1399.0963 1394.3506 1390.1555 1387.0359 1384.7657 1383.0419 1381.6256 1380.3412 1379.0687 1377.7378 1376.3072 1374.6993 1372.9046 1373.8106 1387.3355 1387.6712 1376.863 1367.2718 1345.5738 1354.1929 1380.4407 1405.1473 1456.7276
1378.5968 1375.075 1368.5407 1359.9092 1362.3382 1359.4514 1360.0141 1362.638 1361.8384 1358.4898 1336.9878 1338.0786 1368.9345 1371.3765 1366.432 1363.0988 1360.0061 1357.8843 1354.6493 1347.41 1332.7819 1295.8192 1332.1059 1337.4438 1342.6496 1347.2829 1356.4706 1363.7945 1370.0892 1377.3749 1382.4679 1387.9996 1391.8339 1393.8913 1400.7302 1437.5742 1407.6395 1399.6343 1394.5085 1390.2528 1387.1907 1385.0604 1383.554 1382.43 1381.5132 1380.6908 1379.9133 1379.2058 1378.7511 1379.3585 1385.1076 1432.8184 1414.5391 1384.7698 1377.5526 1373.4511 1377.9494 1390.3175 1407.4502 1433.4453
1375.2097 1374.3594 1369.8216 1363.4506 1358.747 1342.7611 1345.6658 1359.5618 1361.4424 1360.3045 1354.2648 1357.7352 1382.2147 1382.0496 1368.4418 1365.5935 1364.7846 1366.3853 1363.9069 1351.9878 1336.3997 1324.6883 1315.8873 1330.8563 1338.4846 1320.9048 1357.1876 1366.3617 1371.95 1378.8501 1385.9526 1386.8404 1387.0149 1388.8054 1396.4903 1424.6291 1410.0617 1404.9065 1396.2705 1390.603 1387.2628 1385.1878 1383.8832 1383.0469 1382.4753 1382.0461 1381.7133 1381.5216 1381.669 1382.5832 1387.4721 1406.8686 1403.1807 1388.4753 1384.3176 1384.9319 1388.8513 1395.2156 1406.3555 1419.7987
1376.3856 1373.6379 1369.4665 1357.2761 1352.1568 1332.1253 1337.89 1357.8407 1360.5584 1361.3719 1362.4112 1366.8839 1375.2222 1376.3338 1371.1939 1369.8828 1369.2328 1368.5738 1365.7758 1357.0548 1333.7249 1336.3874 1324.3354 1334.9595 1342.3008 1346.1829 1361.4415 1370.4957 1374.4918 1381.8228 1411.1063 1389.4935 1384.032 1383.5578 1388.736 1402.2912 1418.9588 1429.0569 1398.9832 1390.929 1387.1651 1385.09 1383.992 1383.4601 1383.2317 1383.1597 1383.1884 1383.3441 1383.7134 1383.5558 1386.5025 1392.7891 1393.0464 1389.4362 1387.9439 1390.0359 1393.9495 1397.0863 1404.5773 1413.0274
1376.8363 1374.064 1370.5745 1363.2075 1358.7571 1354.4876 1353.6913 1357.0156 1358.49 1360.6025 1365.0092 1376.0096 1373.6739 1374.3672 1378.5432 1386.1984 1374.9668 1369.4389 1366.7406 1366.9541 1355.2916 1349.6494 1347.2143 1348.0081 1351.5385 1358.1248 1367.5818 1375.4177 1377.4272 1382.2842 1408.2735 1386.1436 1376.7844 1371.4504 1377.7951 1405.2013 1426.9401 1432.7513 1399.248 1391.0173 1386.8043 1384.673 1383.8274 1383.6529 1383.7911 1384.0628 1384.3992 1384.8047 1385.3196 1385.9482 1387.6482 1390.0249 1390.6979 1389.8438 1389.5338 1390.9249 1393.4849 1397.1699 1402.4941 1408.4629
1375.5823 1373.524 1371.4066 1368.0925 1364.7414 1361.517 1358.3717 1353.4388 1348.0569 1355.3016 1364.8151 1378.4455 1373.704 1374.814 1385.7348 1493.8025 1380.1397 1371.5771 1369.56 1376.3672 1365.5128 1358.7474 1355.8906 1353.8088 1347.2314 1361.88 1373.3388 1404.1279 1381.8348 1380.3976 1381.405 1376.2819 1368.1186 1341.1591 1348.6838 1416.9622 1435.2905 1405.2251 1398.7726 1391.8578 1386.0728 1383.7743 1383.3192 1383.6115 1384.1697 1384.7929 1385.4094 1386.0149 1386.6437 1387.3889 1388.4823 1389.878 1391.1972 1390.1821 1389.8131 1390.8408 1392.9571 1395.9826 1399.8541 1404.2867
1373.2578 1369.5687 1371.4084 1370.0973 1367.5453 1364.384 1359.4219 1345.2736 1292.5229 1343.1305 1363.7552 1370.4433 1372.3409 1374.5599 1381.5707 1391.7323 1379.0059 1373.0695 1371.8627 1378.446 1373.8841 1364.4034 1360.9952 1357.7012 1345.8441 1364.4167 1376.4314 1406.041 1389.1584 1379.8095 1374.7262 1365.4715 1362.2462 1313.0791 1320.0016 1383.5153 1397.0893 1396.7106 1415.0732 1396.3762 1384.3336 1382.1067 1382.3926 1383.3344 1384.3952 1385.3948 1386.2814 1387.0581 1387.7525 1388.415 1389.1259 1390.2113 1399.864 1390.0388 1388.8489 1389.5495 1391.3235 1393.6335 1396.2782 1399.4456
1371.5018 1357.0332 1371.5722 1371.2904 1369.1851 1366.1337 1360.715 1343.7842 1223.8063 1342.2543 1367.1334 1370.7517 1371.9465 1373.8105 1377.4549 1380.8655 1377.5943 1373.9767 1373.2965 1380.1915 1376.6364 1367.9507 1364.5496 1362.0159 1360.4695 1366.4751 1377.3146 1401.2193 1399.0646 1380.2501 1371.8597 1364.3429 1360.8358 1349.3394 1352.5679 1367.617 1377.9362 1388.3962 1545.4092 1396.3842 1379.526 1379.3493 1381.0141 1382.8457 1384.5115 1385.9221 1387.0777 1388.0075 1388.7373 1389.2755 1389.6135 1389.8612 1390.3279 1387.7945 1386.099 1386.5831 1388.3748 1390.0719 1391.2568 1392.8025
1372.8369 1372.6984 1373.1321 1372.2903 1370.3762 1367.6649 1363.3448 1354.5728 1343.8315 1366.0337 1384.6153 1373.2611 1371.9485 1373.0581 1376.2386 1391.7289 1378.9649 1374.7114 1373.9784 1375.3455 1374.8494 1370.551 1367.1464 1364.3808 1352.411 1365.5479 1376.0561 1398.9506 1439.7232 1378.8196 1369.2879 1362.6115 1357.139 1356.9842 1359.1469 1357.4583 1366.2604 1369.8033 1369.0635 1362.1743 1370.3445 1375.5713 1379.24 1382.1994 1384.5824 1386.4394 1387.8627 1388.9328 1389.6858 1390.0954 1390.05 1389.3223 1387.3952 1383.5552 1379.9914 1380.8214 1383.9215 1385.2603 1384.0273 1382.2911
1375.5493 1375.4261 1374.5285 1373.1641 1371.3306 1369.0638 1366.1727 1362.7472 1362.6647 1380.6546 1407.3469 1374.4246 1371.5093 1371.9875 1374.6026 1382.5243 1378.1513 1375.3733 1374.762 1376.6451 1384.5464 1373.5491 1369.1062 1366.3623 1361.3257 1366.6099 1373.6085 1382.8301 1382.1078 1371.5668 1365.0885 1355.8671 1333.2547 1355.1422 1357.9216 1355.4753 1353.4326 1351.5937 1254.2853 1312.3579 1360.6668 1371.391 1377.1163 1381.4588 1384.6967 1387.0246 1388.7031 1389.8998 1390.6762 1390.9814 1390.605 1389.0348 1385.0694 1376.3344 1364.7996 1369.0956 1377.9769 1379.5098 1373.5527 1362.6961
1378.3405 1377.0966 1375.5234 1373.8421 1372.0551 1370.1718 1368.2629 1366.8373 1367.7255 1373.7955 1377.54 1372.1943 1369.9332 1370.0014 1371.6256 1375.418 1377.1809 1376.4915 1375.6716 1377.6726 1396.848 1375.026 1370.4341 1368.071 1365.6306 1366.9977 1371.2345 1372.6701 1344.5303 1363.9536 1360.167 1342.676 1334.7345 1350.2946 1354.7146 1342.7062 1318.7482 1344.4373 1311.6518 1324.9157 1354.6473 1366.8421 1374.1571 1380.6892 1384.9872 1387.7708 1389.6653 1390.9666 1391.7743 1392.0282 1391.4463 1389.2753 1383.3641 1365.637 1308.117 1344.1419 1371.9067 1374.0419 1359.6685 1317.3427
1381.1986 1378.4645 1376.2108 1374.2703 1372.5038 1370.8811 1369.4961 1368.6753 1369.0067 1370.5017 1370.9919 1369.2483 1365.8826 1366.2678 1364.0384 1373.5786 1380.6874 1379.4091 1376.6709 1376.5151 1377.4113 1374.15 1371.1784 1369.1468 1364.6325 1365.1499 1369.9509 1369.7782 1365.1619 1363.9779 1357.1084 1316.0324 1271.8578 1344.3423 1351.9005 1345.5102 1335.0951 1342.2591 1337.436 1323.3103 1346.4495 1358.9047 1367.6481 1380.2247 1385.6666 1388.7809 1390.8096 1392.1791 1393.0283 1393.3067 1392.7144 1390.4134 1383.892 1362.0245 1201.3908 1328.9743 1369.6997 1371.0822 1348.5254 1214.409
