housing_costs_clipped_idw_1.5
NCOLS 300
NROWS 300
XLLCORNER -74.2425
YLLCORNER 40.5025
DX 0.00179
DY 0.00136
NODATA_VALUE -9999
[rows 26 to 51 of 300, columns 120 to 179 of 300]
1373.5931 1372.3203 1370.9995 1369.6296 1368.2092 1366.737 1365.2117 1363.632 1361.9967 1360.3047 1358.5546 1356.7456 1354.8764 1352.9463 1350.9541 1348.8993 1346.781 1344.5989 1342.3523 1340.0411 1337.6652 1335.2246 1332.7197 1330.1509 1327.5189 1324.8248 1322.0697 1319.2553 1316.3832 1313.4557 1310.4752 1307.4444 1304.3663 1301.2444 1298.0821 1294.8833 1291.6519 1288.3917 1285.1064 1281.7992 1278.4727 1275.1282 1271.7655 1268.3826 1264.9752 1261.5367 1258.0594 1254.5349 1250.9569 1247.3239 1243.6427 1239.9322 1236.2273 1232.5832 1229.0758 1225.784 1222.7497 1219.9914 1217.687 1216.2711
1374.3493 1373.0743 1371.7503 1370.3759 1368.9497 1367.4704 1365.9366 1364.3469 1362.7 1360.9946 1359.2294 1357.4032 1355.5149 1353.5635 1351.5479 1349.4672 1347.3207 1345.1077 1342.8277 1340.4803 1338.0653 1335.5828 1333.0329 1330.416 1327.7329 1324.9845 1322.172 1319.2969 1316.3611 1313.3669 1310.3166 1307.2134 1304.0603 1300.8609 1297.6193 1294.3396 1291.0261 1287.6832 1284.3153 1280.926 1277.5184 1274.0942 1270.653 1267.192 1263.7049 1260.1823 1256.6115 1252.9783 1249.2692 1245.4753 1241.5969 1237.6483 1233.6632 1229.7056 1225.8823 1222.3257 1219.0747 1215.9632 1213.2058 1212.1032
1375.1328 1373.8563 1372.5298 1371.1517 1369.7205 1368.2349 1366.6933 1365.0942 1363.4363 1361.7181 1359.9384 1358.0956 1356.1887 1354.2165 1352.1778 1350.0716 1347.897 1345.6533 1343.3399 1340.9562 1338.5019 1335.9771 1333.3817 1330.7162 1327.9812 1325.1775 1322.3064 1319.3695 1316.3685 1313.3059 1310.1841 1307.0064 1303.7762 1300.4974 1297.1742 1293.8114 1290.4139 1286.9867 1283.5351 1280.0635 1276.5759 1273.0747 1269.5599 1266.028 1262.4714 1258.8771 1255.2268 1251.4985 1247.6693 1243.7204 1239.6431 1235.4442 1231.1524 1226.8368 1222.6605 1218.9243 1215.8402 1212.564 1208.6418 1207.8161
1375.9442 1374.6671 1373.3388 1371.9578 1370.5225 1369.0312 1367.4826 1365.8749 1364.2067 1362.4765 1360.6828 1358.8241 1356.8991 1354.9066 1352.8452 1350.7138 1348.5115 1346.2373 1343.8904 1341.4704 1338.9768 1336.4093 1333.768 1331.0532 1328.2655 1325.4057 1322.4749 1319.4747 1316.407 1313.2742 1310.0791 1306.8249 1303.5152 1300.1545 1296.7474 1293.2991 1289.8153 1286.302 1282.7653 1279.2112 1275.6449 1272.07 1268.4876 1264.8947 1261.2823 1257.634 1253.9251 1250.1238 1246.1947 1242.1054 1237.8355 1233.383 1228.7625 1224.0217 1219.3828 1215.5396 1213.9393 1212.3431 1203.9341 1201.2771
1376.7842 1375.5073 1374.1781 1372.795 1371.3563 1369.8604 1368.3055 1366.69 1365.0124 1363.2708 1361.4639 1359.5899 1357.6475 1355.6351 1353.5516 1351.3954 1349.1657 1346.8612 1344.4811 1342.0247 1339.4916 1336.8812 1334.1936 1331.429 1328.5878 1325.6708 1322.6791 1319.6143 1316.4784 1313.2736 1310.003 1306.67 1303.2785 1299.8333 1296.3394 1292.8029 1289.2303 1285.6285 1282.0052 1278.368 1274.724 1271.0792 1267.4367 1263.795 1260.1451 1256.4675 1252.7304 1248.8899 1244.8941 1240.6924 1236.2499 1231.5616 1226.6275 1221.3852 1215.996 1211.71 1214.0838 1236.8731 1198.402 1187.4078
1377.6534 1376.3776 1375.0485 1373.6642 1372.2231 1370.7233 1369.163 1367.5406 1365.8543 1364.1022 1362.2828 1360.3943 1358.4351 1356.4037 1354.2984 1352.1181 1349.8612 1347.5268 1345.1137 1342.621 1340.0482 1337.3948 1334.6605 1331.8455 1328.95 1325.9749 1322.9212 1319.7903 1316.5844 1313.3058 1309.9575 1306.5433 1303.0673 1299.5346 1295.951 1292.3231 1288.6585 1284.9655 1281.2534 1277.5319 1273.8111 1270.1001 1266.4059 1262.7304 1259.0666 1255.3935 1251.6719 1247.8428 1243.8328 1239.5663 1234.9901 1230.1215 1225.0309 1219.3441 1212.5572 1206.5039 1206.8564 1228.9829 1185.5346 1163.8767
1378.5525 1377.2788 1375.9506 1374.5662 1373.1235 1371.6208 1370.0561 1368.4277 1366.7336 1364.972 1363.1409 1361.2387 1359.2635 1357.2136 1355.0874 1352.8833 1350.5999 1348.2358 1345.7899 1343.2612 1340.6487 1337.952 1335.1707 1332.3047 1329.3543 1326.32 1323.203 1320.0047 1316.727 1313.3725 1309.9443 1306.4461 1302.8827 1299.2594 1295.5826 1291.8598 1288.0995 1284.3118 1280.5077 1276.7001 1272.9024 1269.1287 1265.3917 1261.6999 1258.052 1254.4287 1250.7843 1247.0417 1243.099 1238.8458 1234.198 1229.2304 1224.5484 1219.6226 1209.4691 1199.7416 1191.6854 1172.508 1161.4855 1147.5417
1379.4822 1378.2116 1376.8854 1375.5017 1374.0585 1372.5539 1370.9859 1369.3524 1367.6515 1365.8812 1364.0395 1362.1244 1360.134 1358.0665 1355.92 1353.6929 1351.3834 1348.9902 1346.5118 1343.9471 1341.2951 1338.555 1335.7263 1332.8089 1329.8027 1326.7084 1323.5269 1320.2596 1316.9083 1313.4758 1309.9651 1306.3803 1302.7263 1299.0088 1295.2349 1291.4129 1287.5527 1283.6658 1279.7658 1275.8687 1271.9928 1268.1584 1264.3871 1260.6984 1257.1027 1253.5895 1250.11 1246.5654 1242.8149 1238.7041 1234.0882 1229.0194 1225.5096 1235.7637 1206.6442 1190.9927 1180.08 1137.41 1137.3563 1152.0505
1380.4431 1379.1766 1377.8534 1376.4716 1375.029 1373.5236 1371.9532 1370.3158 1368.6092 1366.8312 1364.9798 1363.0529 1361.0482 1358.9639 1356.798 1354.5485 1352.2137 1349.7918 1347.2814 1344.681 1341.9896 1339.206 1336.3298 1333.3604 1330.2978 1327.1425 1323.8952 1320.5573 1317.1306 1313.6178 1310.022 1306.3475 1302.5994 1298.7838 1294.9085 1290.9826 1287.0172 1283.0258 1279.0245 1275.0331 1271.0754 1267.1802 1263.381 1259.7146 1256.2135 1252.8895 1249.7017 1246.5236 1243.1556 1239.4006 1235.0504 1229.7906 1224.8305 1229.4049 1198.9984 1172.8078 1171.1385 1160.5796 1155.6862 1154.9075
1381.4358 1380.1746 1378.8556 1377.4768 1376.0359 1374.5308 1372.9593 1371.319 1369.6078 1367.8233 1365.9633 1364.0255 1362.0077 1359.9076 1357.723 1355.452 1353.0925 1350.6427 1348.1007 1345.4651 1342.7343 1339.9074 1336.9833 1333.9616 1330.842 1327.6247 1324.3104 1320.9004 1317.3963 1313.8008 1310.1172 1306.3497 1302.5037 1298.5859 1294.6043 1290.569 1286.4925 1282.3899 1278.2803 1274.1875 1270.1418 1266.1818 1262.3569 1258.7286 1255.3676 1252.3342 1249.625 1247.083 1244.3883 1241.3107 1237.8058 1232.9452 1224.4545 1211.2496 1188.3537 1119.8425 1163.0825 1165.8357 1161.6185 1156.6126
1382.4612 1381.2063 1379.8927 1378.518 1377.0801 1375.5766 1374.0051 1372.3632 1370.6486 1368.8588 1366.9914 1365.0439 1363.0139 1360.899 1358.697 1356.4054 1354.022 1351.5449 1348.972 1346.3015 1343.5318 1340.6616 1337.6896 1334.6152 1331.4379 1328.1578 1324.7752 1321.2914 1317.708 1314.0274 1310.253 1306.3891 1302.4412 1298.4163 1294.3231 1290.1724 1285.9777 1281.7562 1277.5296 1273.326 1269.1825 1265.1485 1261.2924 1257.709 1254.5278 1251.9061 1249.9579 1248.5312 1246.991 1244.9377 1243.4311 1242.1822 1231.3592 1208.762 1178.4169 1154.5681 1163.291 1164.5899 1160.9296 1155.8669
1383.5197 1382.2724 1380.9654 1379.5962 1378.1625 1376.6618 1375.0917 1373.4495 1371.7328 1369.939 1368.0654 1366.1095 1364.0686 1361.9401 1359.7216 1357.4104 1355.0042 1352.5006 1349.8975 1347.1927 1344.3845 1341.4711 1338.4513 1335.3239 1332.0884 1328.7445 1325.2925 1321.7333 1318.0684 1314.3002 1310.432 1306.468 1302.4139 1298.277 1294.0662 1289.7932 1285.4725 1281.123 1276.7689 1272.4424 1268.1869 1264.0634 1260.16 1256.6109 1253.6266 1251.534 1250.7593 1251.4227 1252.0985 1251.0211 1252.574 1268.0333 1257.8715 1212.1137 1168.142 1122.3328 1160.2628 1160.7882 1157.2355 1152.4649
1384.612 1383.3737 1382.0746 1380.7122 1379.2841 1377.7876 1376.2202 1374.5791 1372.8617 1371.0653 1369.1869 1367.2239 1365.1734 1363.0326 1360.7988 1358.4692 1356.0412 1353.5122 1350.8796 1348.1413 1345.295 1342.3389 1339.2712 1336.0907 1332.7965 1329.3881 1325.8654 1322.2292 1318.4808 1314.6223 1310.657 1306.5891 1302.4243 1298.1699 1293.8352 1289.4324 1284.9769 1280.4889 1275.9949 1271.5307 1267.1454 1262.9096 1258.9298 1255.3786 1252.5578 1251.0374 1251.9154 1256.7943 1263.3904 1261.5464 1262.5689 1325.332 1339.5892 1214.6138 1178.7061 1154.3287 1152.6418 1154.6133 1150.9997 1146.261
1385.7389 1384.5109 1383.221 1381.8668 1380.4457 1378.9549 1377.3917 1375.7532 1374.0366 1372.2389 1370.3573 1368.3886 1366.33 1364.1783 1361.9306 1359.5839 1357.1353 1354.5819 1351.9209 1349.1498 1346.2661 1343.2676 1340.1524 1336.9187 1333.5654 1330.0916 1326.4971 1322.7823 1318.9483 1314.9969 1310.9313 1306.7555 1302.475 1298.0974 1293.632 1289.0912 1284.4912 1279.8532 1275.2053 1270.5861 1266.0493 1261.6725 1257.5751 1253.9563 1251.1896 1250.0838 1252.7076 1265.3788 1298.1779 1282.9105 1272.2916 1287.1414 1273.5874 1197.2168 1180.5654 1139.4327 1125.9573 1146.6014 1141.3099 1136.0189
1386.9009 1385.6845 1384.4054 1383.061 1381.6483 1380.1647 1378.6073 1376.9729 1375.2587 1373.4615 1371.5781 1369.6054 1367.5402 1365.3791 1363.119 1360.7566 1358.2887 1355.7121 1353.0239 1350.221 1347.3007 1344.2604 1341.0979 1337.8111 1334.3984 1330.8587 1327.1913 1323.3964 1319.4746 1315.4276 1311.2582 1306.9703 1302.5692 1298.0622 1293.4588 1288.7714 1284.0165 1279.2157 1274.3985 1269.6053 1264.8925 1260.3421 1256.0785 1252.3071 1249.4156 1248.2882 1251.5008 1270.19 1435.7481 1309.509 1329.983 1255.0886 1226.9951 1198.5569 1177.4149 1143.7719 1130.3134 1139.1702 1124.2334 1115.9475
1388.0987 1386.8955 1385.6287 1384.2954 1382.8929 1381.4181 1379.868 1378.2395 1376.5294 1374.7343 1372.8509 1370.8759 1368.8058 1366.637 1364.3661 1361.9895 1359.5039 1356.9056 1354.1913 1351.3578 1348.4018 1345.3205 1342.1112 1338.7715 1335.2992 1331.693 1327.9518 1324.0751 1320.0635 1315.9183 1311.6416 1307.2373 1302.7103 1298.0677 1293.3186 1288.4754 1283.5543 1278.5772 1273.5741 1268.5862 1263.6717 1258.9142 1254.4373 1250.4323 1247.2308 1245.5344 1247.2547 1258.8933 1294.395 1282.3915 1322.5259 1235.1526 1206.3298 1187.1438 1171.9397 1158.8994 1146.8488 1132.4049 1087.5804 1056.2328
1389.3329 1388.1444 1386.8914 1385.571 1384.1803 1382.716 1381.1751 1379.5542 1377.8499 1376.0588 1374.1773 1372.2018 1370.1285 1367.9539 1365.674 1363.285 1360.7832 1358.1648 1355.4259 1352.5631 1349.5726 1346.4513 1343.1958 1339.8035 1336.2717 1332.5986 1328.7826 1324.8229 1320.7194 1316.473 1312.0857 1307.5605 1302.9023 1298.1174 1293.2147 1288.206 1283.107 1277.9394 1272.7325 1267.5281 1262.3852 1257.3888 1252.6608 1248.3741 1244.7696 1242.2051 1241.368 1243.4992 1246.7736 1244.2472 1237.7943 1211.8215 1189.6369 1167.1419 1157.8867 1165.1238 1150.204 1128.3901 1060.5584 971.72116
1390.6041 1389.4319 1388.1944 1386.8886 1385.5114 1384.0595 1382.5296 1380.9182 1379.2217 1377.4365 1375.5588 1373.5847 1371.5104 1369.3318 1367.0448 1364.6454 1362.1293 1359.4925 1356.7308 1353.8401 1350.8165 1347.6562 1344.3555 1340.9111 1337.32 1333.5797 1329.6882 1325.6441 1321.4467 1317.0965 1312.5949 1307.9444 1303.1493 1298.2154 1293.1509 1287.9667 1282.6778 1277.3045 1271.8754 1266.4315 1261.0324 1255.766 1250.7606 1246.1928 1242.2589 1239.0186 1236.0717 1232.3748 1224.8657 1219.8113 1212.0519 1197.9934 1181.832 1136.1271 1128.8778 1211.3706 1150.6981 1127.8361 1097.3843 1082.3827
1391.9128 1390.7587 1389.5385 1388.2491 1386.8873 1385.4496 1383.9326 1382.3327 1380.646 1378.8688 1376.997 1375.0265 1372.9532 1370.7728 1368.4809 1366.0731 1363.5448 1360.8916 1358.1089 1355.1921 1352.1369 1348.939 1345.5941 1342.0985 1338.4485 1334.641 1330.6733 1326.5436 1322.2505 1317.7938 1313.1742 1308.3939 1303.4563 1298.3664 1293.1317 1287.7618 1282.2704 1276.676 1271.0052 1265.2972 1259.6116 1254.0413 1248.7337 1243.9183 1239.906 1236.8089 1233.2574 1226.0927 1213.8896 1205.3901 1194.1173 1183.9051 1172.634 1154.6453 1152.8096 1167.0244 1146.0959 1121.7079 1104.3341 1103.0952
1393.2598 1392.1254 1390.9243 1389.6532 1388.3087 1386.8873 1385.3853 1383.7989 1382.1242 1380.3572 1378.4935 1376.5289 1374.459 1372.2791 1369.9846 1367.5707 1365.0324 1362.365 1359.5633 1356.6225 1353.5376 1350.3036 1346.916 1343.3701 1339.6618 1335.7872 1331.7431 1327.5266 1323.136 1318.5701 1313.8292 1308.9143 1303.8284 1298.5755 1293.1619 1287.596 1281.8894 1276.0581 1270.1255 1264.1273 1258.1208 1252.2032 1246.549 1241.4915 1237.7154 1236.5017 1236.6992 1225.6855 1209.0541 1191.6377 1167.9804 1165.5578 1158.7694 1158.5504 1157.0416 1153.8981 1140.147 1101.5734 1066.3005 1104.8467
1394.6454 1393.5327 1392.3525 1391.1017 1389.7765 1388.3735 1386.8886 1385.3181 1383.6577 1381.9031 1380.05 1378.0938 1376.0297 1373.8528 1371.5582 1369.1406 1366.5949 1363.9157 1361.0975 1358.1348 1355.0222 1351.7542 1348.3254 1344.7307 1340.965 1337.0237 1332.9029 1328.5989 1324.1091 1319.4315 1314.5655 1309.5115 1304.2713 1298.8482 1293.247 1287.4746 1281.5401 1275.4561 1269.2414 1262.9253 1256.5588 1250.2365 1244.1504 1238.7357 1235.1871 1237.9882 1265.4655 1236.3341 1203.2243 1180.2704 1132.5919 1136.2523 1119.8409 1153.4748 1154.7065 1149.268 1137.4383 1110.6916 1092.3148 1100.7707
1396.0703 1394.9811 1393.8239 1392.5954 1391.2917 1389.9092 1388.4438 1386.8914 1385.2477 1383.5082 1381.6682 1379.7229 1377.6672 1375.4961 1373.204 1370.7857 1368.2352 1365.5469 1362.7148 1359.7328 1356.595 1353.2951 1349.8271 1346.1851 1342.3633 1338.3561 1334.1588 1329.7666 1325.1761 1320.3844 1315.3898 1310.1918 1304.7912 1299.1904 1293.3927 1287.4032 1281.2282 1274.8762 1268.3593 1261.6977 1254.929 1248.132 1241.4848 1235.4342 1231.3223 1235.0672 1306.362 1240.2674 1194.753 1173.0178 1158.0445 1131.6309 1116.1731 1150.0465 1151.3601 1145.4038 1135.8641 1123.3813 1112.4854 1097.4004
1397.535 1396.4713 1395.3391 1394.135 1392.8551 1391.4955 1390.0519 1388.5202 1386.8957 1385.1738 1383.3496 1381.418 1379.3737 1377.2111 1374.9247 1372.5084 1369.9562 1367.2617 1364.4187 1361.4203 1358.26 1354.9308 1351.426 1347.7387 1343.8624 1339.7905 1335.517 1331.0364 1326.3439 1321.4356 1316.3089 1310.962 1305.3948 1299.6084 1293.605 1287.3876 1280.9598 1274.3251 1267.4876 1260.4546 1253.243 1245.8979 1238.5411 1231.5044 1225.7201 1223.8738 1228.6831 1209.0924 1180.4455 1153.361 1149.1417 1146.7319 1144.4929 1149.4421 1147.7956 1139.9565 1130.2575 1124.4049 1114.8498 1092.5245
1399.0399 1398.0038 1396.8988 1395.7214 1394.4675 1393.1331 1391.7139 1390.2054 1388.6029 1386.9014 1385.0959 1383.181 1381.151 1379.0002 1376.7225 1374.3115 1371.7608 1369.0636 1366.2128 1363.2013 1360.0216 1356.6661 1353.1272 1349.3972 1345.4684 1341.3332 1336.9844 1332.4154 1327.6199 1322.593 1317.3304 1311.8296 1306.0891 1300.1089 1293.8901 1287.4338 1280.7408 1273.8096 1266.6355 1259.2099 1251.5217 1243.5662 1235.3689 1227.0575 1219.0446 1212.0128 1204.0079 1187.0133 1160.0872 1134.1379 1138.2168 1144.598 1146.7326 1147.3704 1143.7942 1132.5155 1102.2952 1119.6882 1111.2924 1091.9109
1400.5855 1399.5791 1398.5035 1397.3551 1396.1297 1394.8231 1393.4309 1391.9484 1390.3707 1388.6926 1386.9088 1385.0137 1383.0013 1380.8656 1378.6 1376.1979 1373.6523 1370.9558 1368.101 1365.0799 1361.8843 1358.506 1354.9363 1351.1664 1347.1877 1342.9913 1338.5686 1333.9115 1329.0124 1323.8647 1318.4628 1312.8027 1306.8817 1300.6988 1294.2539 1287.547 1280.5762 1273.3357 1265.8119 1257.9788 1249.7935 1241.1896 1232.0685 1222.2836 1211.7314 1201.2136 1190.1959 1171.2528 1120.9617 1104.0827 1125.1703 1129.6466 1141.3285 1143.0687 1138.8865 1130.341 1119.6964 1110.047 1088.7377 1104.5648
1402.1723 1401.1977 1400.1539 1399.0369 1397.8425 1396.5664 1395.2039 1393.7502 1392.2002 1390.5487 1388.7898 1386.9179 1384.9266 1382.8095 1380.5598 1378.1703 1375.6337 1372.9419 1370.087 1367.0603 1363.8529 1360.4556 1356.8588 1353.0527 1349.0272 1344.7722 1340.2775 1335.5333 1330.5304 1325.2602 1319.7154 1313.8904 1307.7811 1301.3854 1294.7025 1287.7314 1280.4693 1272.9068 1265.0227 1256.775 1248.0879 1238.8313 1228.775 1217.441 1203.5151 1187.4425 1179.0609 1160.5301 1114.6569 1098.2994 1080.0147 1086.8386 1133.924 1136.9196 1130.7134 1125.0696 1120.3718 1109.0037 1094.8051 1105.8754
