qgis/housing_costs_clipped_idw_2.asc
NCOLS 300
NROWS 300
XLLCORNER -74.3001
YLLCORNER 40.4664
DX 0.00214
DY 0.00154
NODATA_VALUE -9999
[rows 78 to 103 of 300, columns 240 to 299 of 300]
1431.194 1434.4809 1437.3685 1439.8384 1441.9131 1443.6375 1445.0626 1446.2385 1447.211 1448.0213 1448.705 1449.2911 1449.801 1450.2482 1450.6391 1450.9743 1451.2508 1451.4635 1451.6075 1451.679 1451.6766 1451.6013 1451.4569 1451.2489 1450.985 1450.6735 1450.3233 1449.9434 1449.5422 1449.1276 1448.7067 1448.2856 1447.8694 1447.4622 1447.0671 1446.6863 1446.3212 1445.9721 1445.639 1445.3213 1445.0177 1444.7269 1444.4471 1444.1766 1443.9134 1443.6558 1443.402 1443.1504 1442.8994 1442.6478 1442.3943 1442.138 1441.878 1441.6137 1441.3447 1441.0704 1440.7907 1440.5054 1440.2146 1439.9181
1438.0172 1441.415 1444.2935 1446.649 1448.5339 1450.022 1451.1865 1452.0918 1452.794 1453.3424 1453.7792 1454.1379 1454.4422 1454.7053 1454.9312 1455.1168 1455.2546 1455.3352 1455.3499 1455.2922 1455.159 1454.9508 1454.6715 1454.328 1453.9289 1453.4839 1453.0036 1452.4978 1451.9764 1451.4478 1450.9199 1450.3991 1449.8907 1449.3988 1448.9265 1448.4756 1448.0471 1447.641 1447.2567 1446.893 1446.5481 1446.22 1445.9064 1445.6051 1445.3137 1445.0298 1444.7514 1444.4765 1444.2033 1443.9302 1443.6559 1443.3791 1443.0991 1442.8149 1442.5261 1442.2322 1441.933 1441.6283 1441.318 1441.0022
1445.6478 1449.1923 1452.0349 1454.2092 1455.8215 1456.991 1457.819 1458.385 1458.755 1458.9865 1459.1294 1459.2228 1459.2924 1459.3501 1459.3961 1459.4216 1459.4126 1459.3538 1459.2315 1459.0356 1458.7612 1458.4083 1457.9816 1457.4891 1456.9413 1456.35 1455.7271 1455.0843 1454.4324 1453.7809 1453.1382 1452.5112 1451.9054 1451.3248 1450.7721 1450.2491 1449.756 1449.2924 1448.8571 1448.448 1448.0627 1447.6986 1447.3528 1447.0222 1446.7041 1446.3956 1446.0942 1445.7975 1445.5033 1445.21 1444.9159 1444.6197 1444.3204 1444.0171 1443.7092 1443.3963 1443.0779 1442.7541 1442.4246 1442.0896
1454.3464 1458.0752 1460.8203 1462.6975 1463.9106 1464.6471 1465.04 1465.1802 1465.1403 1464.9865 1464.7781 1464.5608 1464.3624 1464.192 1464.0434 1463.8993 1463.7367 1463.5322 1463.2654 1462.9219 1462.4946 1461.9833 1461.394 1460.7368 1460.0247 1459.2719 1458.4924 1457.6996 1456.9058 1456.1215 1455.3556 1454.6155 1453.9067 1453.2331 1452.5972 1452.0001 1451.4416 1450.9204 1450.4345 1449.9811 1449.5571 1449.1588 1448.7826 1448.4249 1448.0821 1447.7509 1447.4283 1447.1116 1446.7982 1446.4861 1446.1735 1445.859 1445.5414 1445.2198 1444.8935 1444.562 1444.225 1443.8824 1443.5341 1443.1802
1464.5214 1468.4604 1470.9731 1472.35 1472.9694 1473.1157 1472.9479 1472.5542 1472.0067 1471.3812 1470.7499 1470.1673 1469.6629 1469.2404 1468.8835 1468.5624 1468.2417 1467.8866 1467.4683 1466.9669 1466.3732 1465.6873 1464.9173 1464.0768 1463.1818 1462.2497 1461.2973 1460.3399 1459.3913 1458.4631 1457.5648 1456.7041 1455.8866 1455.1158 1454.3938 1453.7211 1453.0966 1452.5182 1451.9829 1451.487 1451.0262 1450.596 1450.192 1449.8097 1449.4448 1449.0933 1448.7519 1448.4171 1448.0863 1447.7572 1447.4276 1447.0962 1446.7614 1446.4224 1446.0785 1445.7292 1445.3741 1445.0131 1444.6462 1444.2736
1476.8365 1480.9644 1482.9571 1483.4738 1483.2018 1482.5487 1481.6661 1480.6052 1479.4256 1478.2168 1477.0717 1476.0574 1475.2037 1474.5047 1473.9282 1473.4264 1472.9464 1472.4383 1471.8621 1471.1915 1470.4151 1469.5348 1468.5622 1467.5155 1466.4154 1465.2833 1464.1389 1463.0001 1461.8822 1460.7978 1459.7572 1458.7679 1457.8356 1456.9634 1456.1527 1455.4031 1454.7127 1454.0781 1453.4953 1452.9591 1452.4644 1452.0055 1451.5768 1451.173 1450.7891 1450.4203 1450.0626 1449.7124 1449.3664 1449.0221 1448.6774 1448.3303 1447.9797 1447.6244 1447.2638 1446.8973 1446.5247 1446.1458 1445.7607 1445.3696
1492.4135 1496.5761 1497.4416 1496.4558 1494.8456 1493.1311 1491.3562 1489.4644 1487.489 1485.5484 1483.7717 1482.2444 1480.993 1479.9942 1479.1915 1478.5112 1477.876 1477.2157 1476.4759 1475.6229 1474.6439 1473.5442 1472.3415 1471.0607 1469.7286 1468.3717 1467.0133 1465.6739 1464.3703 1463.1162 1461.9221 1460.7959 1459.7425 1458.7648 1457.8632 1457.0361 1456.2804 1455.5914 1454.9637 1454.3907 1453.8657 1453.3819 1452.9325 1452.5111 1452.1117 1451.7291 1451.3584 1450.9955 1450.6369 1450.2797 1449.9217 1449.5608 1449.1957 1448.8253 1448.4489 1448.0661 1447.6766 1447.2803 1446.8775 1446.4682
1513.2403 1516.939 1515.3838 1511.7469 1508.1567 1505.0944 1502.2449 1499.3182 1496.3201 1493.4413 1490.8775 1488.7375 1487.0356 1485.7178 1484.6904 1483.8429 1483.0643 1482.2573 1481.3491 1480.2975 1479.09 1477.7387 1476.2709 1474.721 1473.1243 1471.5131 1469.9149 1468.3528 1466.8451 1465.4063 1464.047 1462.7748 1461.5942 1460.507 1459.5126 1458.6081 1457.7887 1457.0482 1456.3792 1455.7736 1455.2231 1454.7193 1454.254 1453.8197 1453.4094 1453.0169 1452.6368 1452.2646 1451.8963 1451.5288 1451.1596 1450.7868 1450.4088 1450.0246 1449.6336 1449.2353 1448.8296 1448.4165 1447.9962 1447.5691
1543.0441 1544.8834 1538.1006 1529.7783 1523.3775 1518.7551 1514.6829 1510.4464 1506.0861 1501.9703 1498.4106 1495.5376 1493.3313 1491.684 1490.4467 1489.4569 1488.558 1487.6164 1486.5355 1485.2639 1483.7933 1482.1476 1480.3692 1478.5064 1476.605 1474.7042 1472.8363 1471.0264 1469.294 1467.6539 1466.1165 1464.689 1463.3748 1462.1747 1461.0864 1460.1054 1459.225 1458.4369 1457.7316 1457.0991 1456.529 1456.0112 1455.5359 1455.0943 1454.6783 1454.2808 1453.8957 1453.5179 1453.1432 1452.7683 1452.3904 1452.0076 1451.6185 1451.2219 1450.8174 1450.4046 1449.9835 1449.5541 1449.1169 1448.6722
1589.2526 1585.4047 1567.185 1550.7199 1540.6941 1534.6253 1529.2699 1523.2892 1517.0124 1511.2119 1506.3776 1502.6315 1499.8722 1497.9015 1496.4894 1495.4029 1494.4236 1493.3684 1492.1102 1490.5887 1488.806 1486.8076 1484.6589 1482.4273 1480.1719 1477.9399 1475.7672 1473.6809 1471.7008 1469.8412 1468.1122 1466.5195 1465.0657 1463.7496 1462.5673 1461.512 1460.5746 1459.7444 1459.0095 1458.3573 1457.775 1457.2506 1456.7725 1456.3303 1455.9147 1455.5177 1455.1325 1454.7536 1454.3762 1453.997 1453.6132 1453.2228 1452.8243 1452.4169 1452.0002 1451.5739 1451.1381 1450.6931 1450.2394 1449.7775
1667.3635 1647.0923 1603.7555 1573.9388 1560.2563 1553.7111 1547.1166 1538.5489 1529.3836 1521.2211 1514.752 1509.9837 1506.6411 1504.3804 1502.8596 1501.7521 1500.7566 1499.6217 1498.1793 1496.3628 1494.1972 1491.7645 1489.1657 1486.4941 1483.8244 1481.2114 1478.6938 1476.2988 1474.0454 1471.9468 1470.0115 1468.2439 1466.6445 1465.2103 1463.935 1462.8091 1461.8207 1460.956 1460.1999 1459.5369 1458.9518 1458.4298 1457.9575 1457.5226 1457.1147 1456.7246 1456.345 1455.9697 1455.5939 1455.214 1454.8272 1454.4316 1454.0259 1453.6094 1453.1817 1452.7429 1452.2933 1451.8333 1451.3636 1450.8848
1807.861 1741.4946 1645.6784 1597.1306 1582.4927 1578.271 1570.3636 1557.3093 1543.497 1531.9787 1523.4492 1517.5286 1513.6107 1511.1354 1509.6163 1508.6085 1507.6978 1506.5353 1504.8957 1502.7129 1500.0577 1497.0746 1493.9182 1490.7157 1487.5582 1484.5059 1481.5974 1478.8577 1476.303 1473.9442 1471.7873 1469.8347 1468.0845 1466.5313 1465.1657 1463.975 1462.9437 1462.0542 1461.2878 1460.6256 1460.0489 1459.5404 1459.084 1458.6659 1458.2741 1457.8984 1457.5308 1457.1647 1456.7951 1456.4184 1456.0319 1455.6337 1455.223 1454.799 1454.3618 1453.9117 1453.4491 1452.9748 1452.4895 1451.9942
2037.0265 1864.7688 1681.2093 1615.7113 1609.2229 1613.6279 1603.1161 1581.0442 1559.4868 1543.2959 1532.2961 1525.1659 1520.7462 1518.1909 1516.8465 1516.1257 1515.4588 1514.3481 1512.4843 1509.8165 1506.5062 1502.8049 1498.9457 1495.0971 1491.3634 1487.8043 1484.4532 1481.3288 1478.4425 1475.8008 1473.4065 1471.2591 1469.354 1467.6824 1466.2313 1464.9841 1463.9208 1463.0193 1462.2566 1461.6093 1461.0551 1460.5732 1460.1451 1459.7548 1459.3888 1459.036 1458.6876 1458.3368 1457.9786 1457.6094 1457.2266 1456.8289 1456.4153 1455.9858 1455.5406 1455.0803 1454.6056 1454.1175 1453.6171 1453.1056
2207.817 1937.3639 1684.934 1623.7666 1646.0524 1672.1405 1652.5975 1611.0305 1576.9009 1554.6866 1541.0142 1532.7678 1528.0137 1525.5877 1524.6762 1524.533 1524.3644 1523.4297 1521.2831 1517.9249 1513.6963 1509.031 1504.2741 1499.6355 1495.2214 1491.0791 1487.2281 1483.6758 1480.4252 1477.4767 1474.8289 1472.4775 1470.4144 1468.6271 1467.0982 1465.806 1464.7254 1463.8286 1463.0871 1462.4724 1461.9577 1461.5184 1461.1331 1460.7835 1460.4546 1460.1343 1459.8133 1459.4847 1459.1435 1458.7864 1458.4112 1458.0169 1457.603 1457.1698 1456.7181 1456.2487 1455.7627 1455.2616 1454.7466 1454.2192
2077.1497 1840.7881 1634.483 1614.8883 1704.2053 1778.6629 1727.3777 1645.9597 1594.0184 1565.2927 1549.2498 1540.2073 1535.3941 1533.3898 1533.2844 1534.1739 1534.9274 1534.3699 1531.8136 1527.3955 1521.8194 1515.83 1509.9176 1504.3149 1499.1016 1494.2919 1489.879 1485.8525 1482.203 1478.9229 1476.0053 1473.4415 1471.2194 1469.322 1467.7265 1466.4053 1465.3265 1464.4557 1463.7574 1463.1973 1462.7429 1462.3655 1462.0402 1461.7464 1461.4674 1461.1905 1460.906 1460.6072 1460.2892 1459.9492 1459.5855 1459.1978 1458.7861 1458.3512 1457.8944 1457.4171 1456.9208 1456.4072 1455.878 1455.3349
1760.4907 1651.3577 1529.3399 1574.9494 1785.9803 1946.1315 1818.0769 1677.0453 1607.5197 1574.0547 1556.684 1547.4079 1542.9004 1541.6848 1542.9101 1545.5625 1547.9798 1548.1477 1544.9017 1538.7323 1531.0975 1523.2617 1515.8657 1509.0986 1502.9572 1497.3905 1492.3502 1487.8006 1483.7161 1480.079 1476.8756 1474.0924 1471.7128 1469.7145 1468.0685 1466.7395 1465.6876 1464.87 1464.2429 1463.7644 1463.3958 1463.1033 1462.8582 1462.6375 1462.4233 1462.2021 1461.9642 1461.7033 1461.4151 1461.0975 1460.7496 1460.3717 1459.9648 1459.5303 1459.07 1458.5859 1458.08 1457.5545 1457.0115 1456.453
1569.8284 1510.3002 1386.4288 1487.2259 1820.4478 2035.3183 1858.2475 1687.8649 1613.9793 1580.2626 1563.2115 1554.4052 1550.5919 1550.5704 1553.8407 1559.4546 1564.9138 1566.4579 1561.8862 1552.6229 1541.7446 1531.3318 1522.0639 1513.9217 1506.7213 1500.3055 1494.5698 1489.4465 1484.8902 1480.8704 1477.3658 1474.3581 1471.826 1469.7409 1468.0664 1466.758 1465.7657 1465.036 1464.5152 1464.1519 1463.9001 1463.7199 1463.5789 1463.4515 1463.3187 1463.1669 1462.9867 1462.7725 1462.5212 1462.2316 1461.9038 1461.5393 1461.1397 1460.7075 1460.2452 1459.7554 1459.2407 1458.7039 1458.1474 1457.5737
1489.5099 1453.2137 1324.0817 1429.5424 1728.8238 1909.4616 1793.862 1672.2754 1613.2128 1584.1978 1569.0924 1561.3975 1558.5814 1560.1127 1566.3403 1576.8984 1588.1021 1592.3508 1584.9502 1569.9102 1553.8546 1539.9257 1528.3914 1518.6852 1510.304 1502.9468 1496.4455 1490.6973 1485.6324 1481.2046 1477.3846 1474.1498 1471.4744 1469.3232 1467.6502 1466.4 1465.5096 1464.9124 1464.542 1464.3357 1464.2381 1464.2032 1464.194 1464.183 1464.1505 1464.0832 1463.9727 1463.8149 1463.6078 1463.352 1463.0489 1462.7011 1462.3115 1461.8835 1461.4206 1460.9261 1460.4034 1459.8557 1459.286 1458.6971
1467.0458 1461.4404 1400.961 1475.4141 1637.7429 1730.2658 1702.8627 1647.4702 1609.377 1587.1847 1574.9685 1568.7784 1567.042 1570.2727 1580.4473 1599.0915 1621.4857 1631.3725 1617.4826 1591.3026 1567.1456 1548.7177 1534.6474 1523.2588 1513.5921 1505.198 1497.8579 1491.4344 1485.8263 1480.9665 1476.8182 1473.357 1470.5536 1468.3651 1466.7344 1465.5917 1464.8583 1464.4509 1464.2866 1464.2888 1464.3914 1464.5407 1464.6958 1464.8276 1464.9163 1464.95 1464.9223 1464.8308 1464.6758 1464.4597 1464.1857 1463.858 1463.481 1463.0591 1462.5969 1462.0987 1461.5685 1461.0102 1460.4275 1459.8236
1473.6183 1485.946 1483.4305 1528.534 1607.4277 1658.739 1659.7708 1633.2864 1607.427 1590.8768 1581.7727 1577.187 1576.2458 1580.8274 1595.5502 1626.4778 1670.4377 1692.5488 1663.5437 1616.3226 1580.5136 1557.0973 1540.5713 1527.4984 1516.4491 1506.9066 1498.6485 1491.5053 1485.3259 1480.0125 1475.524 1471.8407 1468.9324 1466.7471 1465.2131 1464.2432 1463.7387 1463.5945 1463.7071 1463.9822 1464.3405 1464.7204 1465.0774 1465.3816 1465.6148 1465.7675 1465.8361 1465.8214 1465.7264 1465.556 1465.3156 1465.0114 1464.6493 1464.2353 1463.775 1463.2738 1462.7367 1462.1681 1461.5725 1460.9535
1490.0318 1504.7667 1520.9052 1556.7823 1613.3171 1670.0276 1671.1611 1634.8951 1609.3001 1596.5417 1590.7404 1587.6703 1586.6907 1591.3846 1609.8488 1655.9953 1735.8733 1781.771 1722.351 1640.8539 1591.5957 1564.2396 1545.9304 1531.2801 1518.7116 1507.862 1498.5994 1490.7117 1483.9488 1478.1625 1473.3207 1469.4241 1466.4449 1464.3185 1462.9543 1462.2434 1462.0618 1462.2763 1462.7561 1463.3841 1464.0658 1464.7312 1465.333 1465.8429 1466.2458 1466.5365 1466.7159 1466.7886 1466.7616 1466.6427 1466.4403 1466.1627 1465.8178 1465.4132 1464.9559 1464.4524 1463.9086 1463.3299 1462.7213 1462.087
1506.0666 1517.1009 1537.9812 1572.6566 1629.9946 1724.4437 1713.2764 1643.0173 1613.5404 1605.1701 1603.806 1602.1004 1599.3655 1601.6367 1620.4658 1677.4338 1793.6148 1864.3097 1771.8061 1654.7908 1597.1602 1569.4885 1550.677 1534.5371 1520.1694 1507.7493 1497.3968 1488.7978 1481.4713 1475.1894 1469.9736 1465.8778 1462.8783 1460.8881 1459.7912 1459.4534 1459.719 1460.4172 1461.3801 1462.4614 1463.5484 1464.5634 1465.4592 1466.2112 1466.8109 1467.2595 1467.5642 1467.7352 1467.784 1467.7223 1467.562 1467.3138 1466.988 1466.5941 1466.1406 1465.6353 1465.0851 1464.4962 1463.8744 1463.2247
1517.3098 1524.2762 1547.7628 1584.5464 1632.7957 1725.6762 1713.2756 1641.5513 1618.2047 1618.471 1624.6911 1624.0897 1616.1234 1611.8076 1625.2845 1678.2755 1793.8841 1866.7262 1767.8753 1647.3961 1595.2961 1572.9957 1555.0709 1537.2666 1520.5159 1506.0565 1494.5735 1485.4483 1477.6319 1470.8022 1465.1683 1460.8975 1457.956 1456.2097 1455.5101 1455.697 1456.5758 1457.9235 1459.5198 1461.1803 1462.7717 1464.2109 1465.4551 1466.4888 1467.3136 1467.9404 1468.385 1468.6647 1468.7966 1468.7976 1468.6829 1468.4668 1468.1619 1467.7797 1467.3306 1466.8236 1466.2669 1465.6677 1465.0325 1464.3668
1519.736 1526.4896 1554.1932 1601.8415 1635.5415 1659.5428 1659.4094 1630.0772 1624.1815 1639.9632 1661.3129 1660.8605 1639.8704 1622.7248 1625.1893 1660.0091 1734.2145 1778.7907 1708.1747 1622.6905 1588.2823 1575.8921 1559.5172 1539.503 1519.2833 1501.911 1489.4409 1480.3393 1472.1507 1464.6082 1458.4615 1454.0699 1451.3162 1449.9643 1449.8325 1450.7463 1452.4641 1454.6846 1457.1113 1459.509 1461.7232 1463.672 1465.3244 1466.6812 1467.7598 1468.5849 1469.1834 1469.5815 1469.8036 1469.8719 1469.8061 1469.6241 1469.3413 1468.9716 1468.5271 1468.0184 1467.4551 1466.8452 1466.196 1465.5139
1511.0668 1523.5292 1555.4881 1621.2679 1663.4765 1628.0978 1624.7286 1623.3389 1633.7183 1674.5982 1730.6778 1726.0823 1673.3751 1634.7454 1623.117 1637.338 1670.4646 1685.406 1648.6507 1600.2299 1582.3028 1578.7542 1564.1149 1541.4267 1515.8898 1493.9109 1481.149 1473.3505 1464.7519 1456.0077 1449.1836 1444.8224 1442.4859 1441.7337 1442.3863 1444.2994 1447.1704 1450.5713 1454.0888 1457.4215 1460.3987 1462.9519 1465.0757 1466.7975 1468.158 1469.2004 1469.9658 1470.4912 1470.8094 1470.949 1470.9348 1470.7884 1470.5286 1470.1716 1469.7317 1469.2211 1468.6505 1468.0293 1467.3656 1466.6664
1495.499 1516.6799 1548.1229 1603.9359 1641.7728 1610.3285 1618.6354 1630.7259 1645.3375 1722.5404 1858.9878 1834.3021 1713.2301 1645.7091 1620.8465 1619.9881 1630.3429 1633.0209 1615.5844 1591.2966 1581.1606 1580.7646 1569.4435 1544.0379 1510.2776 1480.7235 1469.5818 1465.0772 1455.0426 1443.9091 1436.259 1432.3656 1430.8616 1430.9644 1432.6576 1435.9437 1440.4221 1445.4376 1450.3922 1454.9051 1458.8062 1462.0654 1464.7242 1466.8513 1468.5195 1469.7961 1470.7397 1471.4 1471.8193 1472.0333 1472.0725 1471.9627 1471.7261 1471.3818 1470.946 1470.4328 1469.8543 1469.2209 1468.5418 1467.8247
