qgis/housing_costs_clipped_idw_1.85
NCOLS 300
NROWS 300
XLLCORNER -74.3001
YLLCORNER 40.4664
DX 0.00214
DY 0.00154
NODATA_VALUE -9999
[rows 78 to 103 of 300, columns 120 to 179 of 300]
1469.6202 1470.8742 1472.1227 1473.3619 1474.5876 1475.7952 1476.9795 1478.1351 1479.2559 1480.3353 1481.3662 1482.3408 1483.2507 1484.0867 1484.8389 1485.4963 1486.0471 1486.4781 1486.7751 1486.9224 1486.9029 1486.6988 1486.2917 1485.6647 1484.8044 1483.7058 1482.3798 1480.8658 1479.2523 1477.7124 1476.5697 1476.4274 1478.3983 1484.3464 1496.6924 1518.5014 1528.166 1531.8381 1596.5166 1569.6821 1390.2563 1314.1268 1228.4422 1162.2318 1137.6105 1147.0882 1134.0073 1101.5713 1024.8277 1031.0707 1002.4955 991.9586 1023.9604 999.49018 861.344 893.76494 907.84902 814.4127 961.4763 973.18344
1472.5529 1473.9477 1475.3446 1476.7402 1478.1308 1479.5123 1480.8803 1482.2297 1483.5554 1484.8514 1486.1116 1487.3292 1488.497 1489.6073 1490.6516 1491.621 1492.5055 1493.2945 1493.9764 1494.5386 1494.9674 1495.2489 1495.3689 1495.3155 1495.0814 1494.6698 1494.1034 1493.4403 1492.7991 1492.4027 1492.6591 1494.3429 1499.0139 1509.7629 1529.091 1561.9595 1534.7991 1547.1257 1766.1417 1967.5812 1369.3208 1294.4655 1213.8998 1112.7772 1164.0623 1204.3604 1160.3882 1113.4539 1061.3353 1022.8382 870.68806 839.04538 1013.8256 1027.4583 996.53099 986.1383 927.87761 833.77124 948.89655 888.82066
1475.5068 1477.046 1478.5952 1480.1516 1481.7119 1483.2727 1484.8301 1486.3798 1487.9174 1489.4379 1490.9361 1492.4064 1493.843 1495.2396 1496.5896 1497.8863 1499.1222 1500.2896 1501.3802 1502.3851 1503.2951 1504.1008 1504.7937 1505.3681 1505.8243 1506.1753 1506.4583 1506.7543 1507.2219 1508.1515 1510.064 1513.9575 1522.0912 1540.7734 1593.0123 1587.8182 1528.2133 1532.8839 1776.2204 2072.4951 1239.9363 1283.8354 1213.9261 1161.8662 1168.2337 1177.8107 1151.8166 1128.0188 1018.8164 979.49847 849.69248 821.18156 1014.4575 1046.5803 1046.4889 1038.2891 1011.4913 989.65425 958.86019 768.61801
1478.4794 1480.1664 1481.8718 1483.5933 1485.3281 1487.0734 1488.826 1490.5824 1492.339 1494.0917 1495.8365 1497.569 1499.2849 1500.9797 1502.649 1504.2883 1505.8932 1507.4595 1508.9829 1510.4591 1511.8843 1513.2552 1514.5705 1515.8323 1517.051 1518.252 1519.4905 1520.8775 1522.6274 1525.1355 1529.1011 1535.8108 1548.3023 1576.0851 1677.676 1675.1923 1506.0593 1477.0748 1534.8048 1451.0066 1336.3034 1265.8343 1186.7565 1180.9233 1147.4706 1141.4399 1127.2157 1097.2117 857.82631 880.43071 946.76361 962.45331 1020.0132 1053.6998 1071.7428 1074.4172 1065.3388 1053.0849 1028.1532 1015.732
1481.4681 1483.3064 1485.1718 1487.0625 1488.9765 1490.9114 1492.8649 1494.8342 1496.8167 1498.8093 1500.8091 1502.8132 1504.8189 1506.8236 1508.8253 1510.8223 1512.8137 1514.7993 1516.7796 1518.7563 1520.732 1522.7115 1524.7023 1526.7176 1528.7804 1530.9328 1533.2533 1535.8921 1539.1416 1543.5699 1550.2184 1560.8924 1579.3564 1624.6223 1662.3057 1577.2216 1470.6418 1384.0661 1380.7927 1322.5492 1299.2929 1189.7219 1202.9687 1146.6861 1116.7052 1094.167 1079.4312 1065.9743 959.58806 935.7332 844.20135 966.84987 982.88759 1038.6446 1086.0963 1101.4802 1101.7603 1095.4623 1084.077 1077.0722
1484.4702 1486.4631 1488.4922 1490.5563 1492.6539 1494.7835 1496.9435 1499.1319 1501.3471 1503.5871 1505.8502 1508.1351 1510.4408 1512.7668 1515.1137 1517.4832 1519.8782 1522.3031 1524.7645 1527.2709 1529.8335 1532.4668 1535.1904 1538.0316 1541.0312 1544.2537 1547.8089 1551.8963 1556.9107 1563.6892 1573.9839 1590.9177 1621.2647 1661.7108 1668.9692 1521.6415 1420.1398 1323.6667 1320.9478 1356.1819 1305.5578 1158.3323 1185.7869 949.96057 1072.3533 956.7185 989.97832 1000.6465 1029.1031 996.55454 664.98544 951.32349 725.41024 991.87463 1097.3577 1124.21 1130.4999 1128.99 1124.2139 1121.2316
1487.4829 1489.6337 1491.8301 1494.0715 1496.3572 1498.6865 1501.0584 1503.472 1505.9266 1508.4213 1510.956 1513.5306 1516.1462 1518.8046 1521.5092 1524.2653 1527.0802 1529.964 1532.9301 1535.9954 1539.1816 1542.5158 1546.033 1549.7798 1553.821 1558.2531 1563.2292 1569.0129 1576.1163 1585.7173 1600.9127 1628.779 1680.3474 1791.8545 1594.1952 1486.8937 1301.1924 1291.2156 1361.1585 1365.4971 1326.1932 1265.279 1194.3724 868.64053 1080.5219 1059.7234 1008.8112 633.60877 1036.6003 1050.0183 1005.4743 999.03933 705.36208 1003.9384 1116.1548 1146.242 1155.5919 1157.25 1156.1198 1155.8759
1490.5034 1492.8151 1495.1822 1497.6049 1500.0831 1502.6169 1505.2061 1507.8509 1510.5514 1513.3082 1516.1223 1518.9954 1521.9305 1524.932 1528.0063 1531.1624 1534.4129 1537.7741 1541.2675 1544.9202 1548.7665 1552.8496 1557.2245 1561.9632 1567.1641 1572.9694 1579.5971 1587.4033 1597.0307 1609.9298 1630.7964 1680.3823 1766.3777 1706.6594 1568.6232 1480.3947 1213.0291 1239.3346 1380.5381 1380.4337 1348.6172 1299.5134 1230.5149 1133.7183 1177.0417 1160.6282 1079.5035 979.61251 1045.7978 1064.1691 1079.9287 1072.3992 1035.8339 1088.6997 1144.8554 1169.1387 1178.8223 1182.1241 1182.9761 1184.017
1493.5286 1496.0042 1498.5455 1501.1532 1503.8282 1506.5711 1509.383 1512.2647 1515.2177 1518.2437 1521.3451 1524.5253 1527.7893 1531.144 1534.5992 1538.1681 1541.8686 1545.7244 1549.7662 1554.0332 1558.5753 1563.4554 1568.7542 1574.5774 1581.0692 1588.4379 1597.0027 1607.2773 1620.1195 1637.1016 1662.8622 1724.4751 2056.9822 1657.1428 1541.2345 1520.7581 1447.1006 1379.7583 1409.1952 1401.9835 1372.6381 1325.577 1259.8508 1154.7243 1015.9336 1143.3618 1118.6671 1068.2853 923.96902 1080.2064 1114.0255 1098.1751 1123.6218 1148.1813 1175.558 1192.4201 1200.8683 1204.6902 1206.4805 1208.0336
1496.5554 1499.1978 1501.9165 1504.7129 1507.5887 1510.5456 1513.5852 1516.7098 1519.9217 1523.2239 1526.6203 1530.116 1533.7179 1537.4357 1541.2824 1545.2756 1549.4393 1553.805 1558.4142 1563.3202 1568.5913 1574.3151 1580.6047 1587.6097 1595.5363 1604.6852 1615.5319 1628.8746 1646.0931 1669.4618 1700.984 1759.0461 1740.3115 1612.7363 1490.7147 1467.3368 1503.736 1448.0203 1442.0836 1429.4194 1401.1028 1350.0606 1270.2413 1184.1133 1098.333 1083.5113 1117.5562 1092.542 797.19167 1098.2935 1141.9982 1117.4364 1165.5508 1186.9579 1203.5244 1215.0699 1221.8715 1225.5589 1227.6613 1229.3228
1499.5808 1502.3927 1505.2918 1508.2805 1511.3612 1514.5365 1517.8091 1521.1821 1524.6593 1528.2447 1531.9438 1535.7632 1539.712 1543.8023 1548.0503 1552.4785 1557.1168 1562.0056 1567.1982 1572.7641 1578.7938 1585.4045 1592.7501 1601.0371 1610.5532 1621.7251 1635.2524 1652.4123 1675.6909 1711.0473 1763.6872 1781.058 1684.3035 1574.0308 1424.1082 1228.6925 1473.7682 1480.1676 1474.2825 1462.7469 1437.9501 1378.8032 1206.1344 1175.761 1213.9178 1179.6509 1156.7548 1120.0486 1103.6382 1150.1455 1178.1308 1184.4509 1202.0679 1217.1759 1228.4121 1236.5196 1241.817 1245.0811 1247.1586 1248.7197
1502.6013 1505.5853 1508.6679 1511.8523 1515.1418 1518.5399 1522.0505 1525.6778 1529.4266 1533.3023 1537.3117 1541.4632 1545.7676 1550.2394 1554.8981 1559.7706 1564.8932 1570.3153 1576.1035 1582.3455 1589.1576 1596.6926 1605.1546 1614.8229 1626.0932 1639.5584 1656.2126 1678.0456 1709.5152 1760.8553 1952.2109 1780.8283 1674.6267 1562.9785 1179.5429 1419.4257 1493.0439 1508.3044 1507.9267 1503.2308 1489.3976 1438.7366 1132.4544 1139.5687 1237.5959 1233.5846 1173.7895 1050.4815 1162.1652 1186.6005 1210.0526 1222.4376 1233.3269 1243.1444 1250.8611 1256.6296 1260.7021 1263.4787 1265.3886 1266.7569
1505.6136 1508.7722 1512.0411 1515.4245 1518.9266 1522.552 1526.3056 1530.1928 1534.2196 1538.3927 1542.7202 1547.2121 1551.881 1556.7433 1561.8216 1567.1467 1572.7612 1578.7238 1585.1149 1592.0429 1599.6531 1608.1403 1617.7694 1628.9122 1642.1094 1658.1805 1678.4802 1705.8918 1748.4238 1829.7005 1867.3066 1771.446 1696.3385 1663.2195 1407.5841 1494.3785 1529.9111 1539.9981 1545.0708 1552.2708 1561.4119 1562.4595 1448.2096 1355.7558 1121.988 1242.4096 1171.2115 1170.8326 1139.3613 1189.7779 1234.3302 1250.6687 1259.4717 1266.096 1271.3417 1275.4396 1278.5687 1280.9206 1282.65 1283.8052
1508.6143 1511.9497 1515.4077 1518.9933 1522.7117 1526.5687 1530.5702 1534.723 1539.0343 1543.5121 1548.1659 1553.007 1558.0494 1563.3115 1568.818 1574.6032 1580.7153 1587.2219 1594.2176 1601.833 1610.2461 1619.6997 1630.5305 1643.2249 1658.5207 1677.5827 1702.2625 1736.3103 1791.6229 1932.0025 1854.9685 1759.95 1738.7424 1890.4013 1637.528 1568.6522 1568.4821 1574.5018 1585.9395 1609.7793 1664.9033 1697.291 1639.9947 1678.2974 1391.2038 1229.7147 1023.3862 1205.0109 842.4537 1170.4341 1256.2143 1274.9015 1282.1709 1286.6555 1290.1394 1293.0398 1295.4975 1297.5679 1299.1985 1300.151
1511.5998 1515.1142 1518.7638 1522.5545 1526.4929 1530.5856 1534.8402 1539.2643 1543.8668 1548.6569 1553.6455 1558.845 1564.2708 1569.9424 1575.8862 1582.1387 1588.7523 1595.8026 1603.398 1611.6919 1620.8983 1631.3136 1643.3562 1657.6471 1675.1815 1697.6897 1728.1479 1770.384 1854.9429 1909.8344 1817.3821 1774.5341 1832.9575 1774.8653 1671.118 1614.9186 1603.8788 1610.3305 1629.9921 1670.9508 1827.5032 1911.5762 1753.2537 2078.928 1490.3668 1244.0024 1248.1471 1262.9432 1137.9465 1226.5344 1283.2586 1297.5539 1302.5052 1305.2459 1307.4514 1309.5391 1311.6088 1313.612 1315.3264 1316.0673
1514.5665 1518.2619 1522.1054 1526.1042 1530.2659 1534.5986 1539.111 1543.8125 1548.713 1553.8234 1559.1559 1564.7241 1570.5441 1576.6364 1583.0275 1589.755 1596.8733 1604.4634 1612.6457 1621.5966 1631.5682 1642.9155 1656.1451 1672.0255 1691.8472 1718.1256 1756.8943 1816.6989 1883.6796 1935.6404 1807.2625 1804.5051 1885.3547 1780.1573 1682.5975 1644.0022 1635.3255 1646.9473 1678.1175 1735.5372 1834.3308 1876.6247 2030.5835 1734.2361 1634.3937 1239.2252 1363.8573 1336.9986 1296.6432 1298.6158 1313.2181 1318.8118 1320.8192 1322.0989 1323.4288 1325.0676 1327.0805 1329.3202 1331.4815 1332.1669
1517.5107 1521.3888 1525.4285 1529.6381 1534.0265 1538.6032 1543.3784 1548.3631 1553.5688 1559.0081 1564.6944 1570.6426 1576.8696 1583.3955 1590.2464 1597.4583 1605.0847 1613.2081 1621.9567 1631.5276 1642.2124 1654.429 1668.775 1686.1666 1708.1883 1738.0344 1785.1209 1912.8981 1876.7381 1836.0654 1811.4616 1891.3513 1854.438 1751.7996 1692.5811 1666.1397 1664.0572 1684.6868 1733.5589 1836.9789 1861.1241 1830.4071 1833.5253 1715.8906 1807.7416 1553.9662 1443.4429 1397.1151 1361.2946 1344.2679 1339.291 1337.408 1336.9391 1337.3239 1338.2116 1339.7888 1342.1935 1345.1142 1348.2981 1351.6627
1520.4285 1524.491 1528.7289 1533.1518 1537.77 1542.5947 1547.6376 1552.9116 1558.43 1564.2072 1570.2584 1576.5996 1583.2483 1590.2241 1597.5509 1605.2607 1613.4015 1622.0507 1631.3372 1641.4722 1652.7867 1665.7663 1681.0969 1699.8225 1723.8407 1756.8218 1807.621 1884.1533 1857.8728 1820.9188 1828.5779 1887.934 1844.2263 1743.153 1701.898 1685.3639 1691.2484 1723.9857 1806.3379 1905.2529 1879.2949 2119.2378 1787.8551 1734.1336 1700.4448 1573.7791 1500.7749 1442.6861 1399.8666 1372.9902 1358.1459 1351.6949 1350.5042 1351.1017 1351.9856 1353.9058 1357.417 1361.8341 1366.1623 1381.2916
1523.3163 1527.5643 1532.0022 1536.6407 1541.4918 1546.5682 1551.8838 1557.4532 1563.2921 1569.417 1575.8452 1582.5943 1589.6826 1597.1287 1604.9531 1613.181 1621.849 1631.0201 1640.8102 1651.4316 1663.2489 1676.8246 1692.9254 1712.6309 1738.2124 1774.6357 1831.1407 1971.8039 1849.2505 1831.9226 1869.1466 1843.364 1789.3963 1739.976 1711.8343 1703.1271 1717.4687 1766.9229 1873.3045 2080.1046 1915.61 1936.9602 1798.0426 1754.906 1671.9088 1587.2582 1551.8356 1475.9654 1424.9808 1389.6842 1367.4787 1359.5028 1361.3856 1364.1754 1365.0531 1367.6213 1373.5216 1381.6256 1387.0159 1390.3792
1526.1699 1530.6048 1535.2441 1540.1003 1545.187 1550.5188 1556.1117 1561.9827 1568.1502 1574.6333 1581.452 1588.6262 1596.1754 1604.1177 1612.4697 1621.2466 1630.4673 1640.1667 1650.4263 1661.4314 1673.562 1687.4746 1704.0313 1724.0342 1749.6065 1790.921 1848.2136 1888.8166 1859.7645 1863.683 1866.5912 1819.9415 1774.443 1742.0012 1722.9237 1719.7977 1741.4093 1829.5939 1938.7328 1888.3824 2004.5608 1859.1962 1833.2601 1812.1752 1677.9616 1627.4031 1568.2209 1498.1989 1440.2349 1394.3943 1361.0531 1356.0952 1370.863 1379.6077 1377.7874 1380.991 1391.6253 1410.0774 1419.2709 1422.6635
1528.9855 1533.608 1538.4501 1543.5258 1548.8505 1554.4411 1560.3158 1566.4947 1572.999 1579.8514 1587.0753 1594.6941 1602.7297 1611.2011 1620.1211 1629.4937 1639.3135 1649.5711 1660.2801 1671.5452 1683.7048 1697.5276 1714.1252 1733.4243 1753.0915 1793.8421 1867.2713 1866.369 1898.6451 1917.764 1890.9845 1813.9172 1774.6663 1749.3818 1735.7221 1735.7121 1758.0837 1865.4296 2087.6336 1903.5412 1858.4097 1826.4329 1952.4577 1758.8597 1725.2828 1760.4874 1627.9885 1514.3522 1447.8754 1384.4431 1314.7022 1327.2467 1384.8652 1410.7687 1389.6819 1393.6184 1413.7668 1451.1689 1520.3682 1410.8761
1531.7589 1536.5697 1541.6155 1546.9123 1552.4772 1558.3295 1564.4904 1570.983 1577.8325 1585.0657 1592.7107 1600.796 1609.3481 1618.3891 1627.9307 1637.9672 1648.4649 1659.3537 1670.5346 1681.9377 1693.7093 1706.6511 1722.6382 1741.2674 1735.2554 1756.2167 1850.1858 1898.4114 1984.3576 2136.7105 1885.5613 1818.0722 1782.2476 1761.2347 1750.9794 1752.5598 1769.9529 1812.0603 1853.8533 1934.2561 1831.4403 1896.8524 1812.2269 1735.5794 1897.7832 1766.3057 1635.1329 1522.0614 1451.3428 1363.3166 1113.3428 1238.7742 1390.9442 1436.6489 1397.2458 1404.1207 1444.7606 1502.3926 1471.184 1411.6714
1534.4863 1539.4856 1544.7358 1550.2546 1556.0615 1562.1783 1568.6293 1575.4412 1582.6439 1590.2695 1598.3525 1606.9282 1616.0311 1625.6903 1635.9225 1646.718 1658.0185 1669.6835 1681.4542 1692.9465 1703.7845 1714.2704 1727.5673 1749.7936 1732.9425 1729.1878 1893.1112 1968.7053 2067.5069 2065.2438 1891.4628 1826.6706 1794.8468 1777.4771 1770.0325 1772.7338 1798.4983 1798.7603 1804.8237 1801.6187 1777.2879 1818.1231 1765.2718 1716.1791 1742.658 1684.6102 1601.1727 1523.4612 1455.9462 1364.6462 985.95327 1216.6137 1379.7897 1399.2324 1399.7948 1410.8177 1452.1488 1518.8192 1431.1186 1410.1523
1537.1634 1542.3513 1547.8062 1553.5479 1559.598 1565.9814 1572.7257 1579.8621 1587.4257 1595.4552 1603.9931 1613.0847 1622.776 1633.1098 1644.1169 1655.7976 1668.0853 1680.7796 1693.4363 1705.2064 1714.6477 1719.8666 1722.452 1748.2383 1839.5085 2082.2153 1980.0454 2080.4167 2352.5922 1988.7453 1889.1798 1838.9467 1812.2972 1798.9804 1795.9542 1797.0975 1825.9 1817.9943 1845.2628 1770.7772 1737.2028 1738.7759 1718.1501 1701.0363 1714.9526 1649.2099 1594.4306 1527.9616 1463.9519 1399.9349 1329.1947 1373.0258 1396.8112 1392.7377 1402.2229 1415.8455 1450.9339 1438.8631 1418.6757 1417.938
1539.7863 1545.1624 1550.822 1556.7868 1563.081 1569.7324 1576.7727 1584.2378 1592.1691 1600.6133 1609.6229 1619.2563 1629.576 1640.6465 1652.5263 1665.2492 1678.7774 1692.8988 1707.0227 1719.782 1728.1383 1725.0154 1693.2567 1679.7647 1862.23 2255.2441 2053.3002 2459.3882 2143.0358 1971.217 1895.226 1857.3267 1835.8758 1826.9423 1836.7775 1840.0481 1820.6595 1828.371 1866.51 1766.494 1734.6342 1723.1841 1708.8426 1690.5436 1668.3984 1658.8762 1630.9757 1542.4058 1471.3385 1427.7969 1454.4607 1579.1866 1422.5003 1405.8977 1406.49 1421.7528 1450.6805 1423.8105 1414.0111 1451.1872
1542.3509 1547.9146 1553.7785 1559.9662 1566.5047 1573.425 1580.763 1588.5601 1596.8647 1605.7329 1615.2298 1625.43 1636.4185 1648.2904 1661.1493 1675.0959 1690.185 1706.3 1722.8611 1738.2031 1747.8103 1738.1081 1647.1936 1352.7206 1794.7257 1945.5048 2034.9339 2677.32 2118.9483 1965.9215 1913.5676 1886.5722 1868.6305 1860.7438 1904.7563 1959.1283 1863.4333 1831.5271 1805.3879 1783.4451 1744.4755 1739.3254 1720.0478 1692.1535 1660.2124 1745.6985 1817.8092 1565.4789 1471.2517 1431.6791 1462.4464 1555.0909 1431.8241 1413.947 1410.5397 1431.0858 1464.5695 1415.9607 1418.3263 1409.727
