qgis/housing_costs_clipped_idw_1.85
NCOLS 300
NROWS 300
XLLCORNER -74.3001
YLLCORNER 40.4664
DX 0.00214
DY 0.00154
NODATA_VALUE -9999
[rows 156 to 181 of 300, columns 0 to 59 of 300]
1431.3177 1431.5693 1431.8208 1432.0723 1432.3236 1432.5746 1432.825 1433.0747 1433.3237 1433.5716 1433.8184 1434.0638 1434.3077 1434.5498 1434.7899 1435.0278 1435.2633 1435.4961 1435.726 1435.9527 1436.176 1436.3955 1436.611 1436.8223 1437.0289 1437.2307 1437.4274 1437.6186 1437.804 1437.9834 1438.1566 1438.3231 1438.4829 1438.6357 1438.7814 1438.9196 1439.0505 1439.1738 1439.2897 1439.3981 1439.4992 1439.5931 1439.6802 1439.7607 1439.8351 1439.9039 1439.9675 1440.0267 1440.0819 1440.1338 1440.1832 1440.2304 1440.2761 1440.3207 1440.3645 1440.4076 1440.45 1440.4916 1440.5319 1440.5704
1431.6139 1431.8703 1432.1268 1432.3832 1432.6395 1432.8955 1433.151 1433.4059 1433.6599 1433.913 1434.1649 1434.4154 1434.6644 1434.9116 1435.1568 1435.3997 1435.6401 1435.8778 1436.1125 1436.3439 1436.5717 1436.7956 1437.0154 1437.2307 1437.4413 1437.6467 1437.8467 1438.041 1438.2292 1438.411 1438.5861 1438.7543 1438.9152 1439.0686 1439.2143 1439.3521 1439.4819 1439.6035 1439.7171 1439.8225 1439.9199 1440.0096 1440.0917 1440.1666 1440.2349 1440.297 1440.3535 1440.4051 1440.4524 1440.4963 1440.5375 1440.5766 1440.6142 1440.6509 1440.687 1440.7227 1440.758 1440.7926 1440.8261 1440.8579
1431.9134 1432.1748 1432.4364 1432.6981 1432.9595 1433.2207 1433.4815 1433.7417 1434.001 1434.2595 1434.5167 1434.7726 1435.0269 1435.2795 1435.5299 1435.7781 1436.0238 1436.2666 1436.5064 1436.7427 1436.9754 1437.2041 1437.4284 1437.6481 1437.8628 1438.0722 1438.2758 1438.4734 1438.6647 1438.8491 1439.0265 1439.1965 1439.3587 1439.5129 1439.6589 1439.7964 1439.9252 1440.0452 1440.1564 1440.2588 1440.3524 1440.4376 1440.5145 1440.5836 1440.6454 1440.7004 1440.7493 1440.7929 1440.832 1440.8674 1440.9 1440.9306 1440.96 1440.9886 1441.0171 1441.0455 1441.074 1441.1022 1441.1296 1441.1555
1432.2164 1432.4831 1432.7499 1433.0169 1433.2837 1433.5504 1433.8166 1434.0823 1434.3472 1434.6112 1434.874 1435.1355 1435.3954 1435.6535 1435.9096 1436.1633 1436.4145 1436.6627 1436.9079 1437.1495 1437.3873 1437.621 1437.8502 1438.0746 1438.2938 1438.5074 1438.7151 1438.9163 1439.1109 1439.2983 1439.4782 1439.6503 1439.8141 1439.9693 1440.1157 1440.253 1440.3809 1440.4993 1440.6082 1440.7075 1440.7972 1440.8777 1440.9492 1441.0121 1441.067 1441.1144 1441.1553 1441.1903 1441.2206 1441.247 1441.2705 1441.2922 1441.3128 1441.3333 1441.354 1441.3754 1441.3974 1441.4198 1441.4419 1441.4629
1432.5229 1432.795 1433.0673 1433.3398 1433.6122 1433.8845 1434.1564 1434.4278 1434.6985 1434.9683 1435.2369 1435.5043 1435.77 1436.034 1436.2959 1436.5555 1436.8124 1437.0664 1437.3172 1437.5644 1437.8078 1438.0468 1438.2812 1438.5107 1438.7347 1438.9529 1439.1648 1439.3701 1439.5683 1439.759 1439.9418 1440.1162 1440.2818 1440.4383 1440.5853 1440.7225 1440.8497 1440.9666 1441.0731 1441.1692 1441.2549 1441.3305 1441.3962 1441.4525 1441.5 1441.5393 1441.5715 1441.5973 1441.618 1441.6347 1441.6485 1441.6607 1441.6723 1441.6841 1441.6971 1441.7114 1441.7274 1441.7446 1441.7623 1441.7796
1432.833 1433.1106 1433.3886 1433.6668 1433.945 1434.2231 1434.5009 1434.7783 1435.055 1435.3308 1435.6056 1435.879 1436.1509 1436.421 1436.6891 1436.9547 1437.2178 1437.4779 1437.7346 1437.9878 1438.2369 1438.4817 1438.7217 1438.9565 1439.1857 1439.4088 1439.6255 1439.8351 1440.0374 1440.2317 1440.4176 1440.5947 1440.7624 1440.9204 1441.0683 1441.2056 1441.3321 1441.4475 1441.5517 1441.6445 1441.726 1441.7964 1441.856 1441.9052 1441.9447 1441.9753 1441.998 1442.0139 1442.0242 1442.0303 1442.0336 1442.0356 1442.0374 1442.0403 1442.0452 1442.0526 1442.0628 1442.0755 1442.0899 1442.1047
1433.1467 1433.4301 1433.7139 1433.998 1434.2822 1434.5664 1434.8503 1435.1339 1435.4168 1435.6989 1435.98 1436.2599 1436.5382 1436.8147 1437.0892 1437.3613 1437.6308 1437.8972 1438.1604 1438.4198 1438.6751 1438.926 1439.1719 1439.4125 1439.6472 1439.8757 1440.0974 1440.3118 1440.5185 1440.7168 1440.9062 1441.0863 1441.2565 1441.4163 1441.5653 1441.7029 1441.8289 1441.9429 1442.0446 1442.1341 1442.2111 1442.276 1442.3291 1442.3707 1442.4016 1442.4227 1442.435 1442.4399 1442.4388 1442.4333 1442.4251 1442.4159 1442.4072 1442.4006 1442.3971 1442.3975 1442.4023 1442.4111 1442.4232 1442.4371
1433.4641 1433.7534 1434.0433 1434.3335 1434.6239 1434.9144 1435.2047 1435.4946 1435.7841 1436.0728 1436.3605 1436.647 1436.932 1437.2153 1437.4965 1437.7754 1438.0516 1438.3248 1438.5946 1438.8607 1439.1226 1439.3799 1439.6322 1439.8789 1440.1197 1440.3539 1440.5811 1440.8007 1441.0121 1441.2148 1441.4082 1441.5917 1441.7647 1441.9266 1442.0769 1442.215 1442.3407 1442.4533 1442.5527 1442.6386 1442.7111 1442.7701 1442.8161 1442.8494 1442.871 1442.8816 1442.8825 1442.8753 1442.8616 1442.8432 1442.8222 1442.8006 1442.7804 1442.7633 1442.7509 1442.7442 1442.7437 1442.7494 1442.7604 1442.7751
1433.7852 1434.0807 1434.3768 1434.6733 1434.9702 1435.2671 1435.564 1435.8607 1436.1569 1436.4524 1436.747 1437.0405 1437.3325 1437.6228 1437.9111 1438.1971 1438.4804 1438.7607 1439.0376 1439.3107 1439.5796 1439.8438 1440.1028 1440.3562 1440.6034 1440.8438 1441.0769 1441.3022 1441.5188 1441.7264 1441.9241 1442.1114 1442.2875 1442.4519 1442.6038 1442.7428 1442.8682 1442.9796 1443.0766 1443.1589 1443.2265 1443.2793 1443.3177 1443.342 1443.3533 1443.3524 1443.3407 1443.3199 1443.2921 1443.2593 1443.2239 1443.1884 1443.1552 1443.1266 1443.1045 1443.0903 1443.0848 1443.0881 1443.0993 1443.1166
1434.1101 1434.4119 1434.7145 1435.0176 1435.321 1435.6248 1435.9285 1436.2321 1436.5353 1436.8379 1437.1397 1437.4405 1437.7398 1438.0375 1438.3332 1438.6267 1438.9175 1439.2053 1439.4897 1439.7702 1440.0464 1440.3179 1440.5842 1440.8446 1441.0987 1441.3458 1441.5853 1441.8167 1442.0391 1442.252 1442.4545 1442.646 1442.8257 1442.9929 1443.1469 1443.2869 1443.4123 1443.5226 1443.6172 1443.6958 1443.7582 1443.8044 1443.8345 1443.8491 1443.849 1443.8353 1443.8095 1443.7736 1443.7297 1443.6805 1443.6288 1443.5775 1443.5297 1443.4881 1443.4551 1443.4329 1443.4223 1443.4239 1443.4367 1443.4588
1434.4388 1434.7472 1435.0564 1435.3662 1435.6766 1435.9873 1436.2982 1436.609 1436.9195 1437.2295 1437.5388 1437.8471 1438.1541 1438.4595 1438.763 1439.0643 1439.363 1439.6586 1439.9509 1440.2393 1440.5234 1440.8026 1441.0765 1441.3445 1441.606 1441.8603 1442.1068 1442.3447 1442.5734 1442.7921 1443 1443.1962 1443.38 1443.5505 1443.7068 1443.8482 1443.9739 1444.0832 1444.1755 1444.2503 1444.3072 1444.3462 1444.3674 1444.3712 1444.3586 1444.3306 1444.289 1444.2359 1444.1739 1444.1059 1444.0354 1443.966 1443.9012 1443.8447 1443.7995 1443.7682 1443.7524 1443.7528 1443.7687 1443.798
1434.7713 1435.0865 1435.4026 1435.7194 1436.0369 1436.3549 1436.6731 1436.9914 1437.3095 1437.6272 1437.9443 1438.2605 1438.5755 1438.889 1439.2006 1439.5101 1439.817 1440.121 1440.4216 1440.7183 1441.0107 1441.2982 1441.5803 1441.8563 1442.1257 1442.3877 1442.6417 1442.8869 1443.1224 1443.3475 1443.5612 1443.7627 1443.9511 1444.1253 1444.2845 1444.4277 1444.5539 1444.6624 1444.7524 1444.8232 1444.8744 1444.9057 1444.9172 1444.9093 1444.8827 1444.8388 1444.7793 1444.7067 1444.6238 1444.5343 1444.442 1444.3514 1444.2668 1444.1928 1444.1333 1444.0916 1444.0701 1444.0699 1444.0904 1444.1295
1435.1078 1435.4299 1435.7531 1436.0772 1436.4021 1436.7275 1437.0534 1437.3794 1437.7054 1438.0311 1438.3563 1438.6808 1439.0041 1439.326 1439.6462 1439.9643 1440.2799 1440.5926 1440.902 1441.2075 1441.5087 1441.8049 1442.0957 1442.3804 1442.6582 1442.9286 1443.1906 1443.4435 1443.6865 1443.9186 1444.1388 1444.3462 1444.5397 1444.7183 1444.8808 1445.0261 1445.1533 1445.2612 1445.349 1445.4158 1445.4609 1445.484 1445.485 1445.4641 1445.4221 1445.3602 1445.2805 1445.1856 1445.0787 1444.9641 1444.8463 1444.7308 1444.6228 1444.528 1444.4515 1444.3975 1444.3694 1444.3687 1444.3954 1444.4473
1435.4481 1435.7775 1436.108 1436.4396 1436.7721 1437.1053 1437.4391 1437.7731 1438.1073 1438.4414 1438.7751 1439.1081 1439.4401 1439.7708 1440.1 1440.4271 1440.7518 1441.0737 1441.3923 1441.7071 1442.0176 1442.3231 1442.6232 1442.917 1443.204 1443.4832 1443.754 1444.0153 1444.2664 1444.5062 1444.7335 1444.9475 1445.1468 1445.3302 1445.4966 1445.6446 1445.7731 1445.8808 1445.9665 1446.0292 1446.068 1446.0824 1446.0719 1446.0367 1445.9775 1445.8955 1445.7928 1445.6722 1445.5376 1445.3936 1445.2459 1445.1007 1444.9647 1444.8449 1444.7477 1444.6788 1444.6425 1444.6414 1444.6758 1444.7437
1435.7925 1436.1292 1436.4673 1436.8066 1437.147 1437.4883 1437.8302 1438.1727 1438.5154 1438.8581 1439.2005 1439.5425 1439.8836 1440.2236 1440.562 1440.8986 1441.2329 1441.5644 1441.8928 1442.2174 1442.5377 1442.8531 1443.163 1443.4666 1443.7633 1444.0521 1444.3323 1444.6028 1444.8626 1445.1108 1445.3461 1445.5672 1445.773 1445.9621 1446.133 1446.2843 1446.4146 1446.5224 1446.6062 1446.6648 1446.6971 1446.7021 1446.6792 1446.6283 1446.55 1446.4453 1446.3164 1446.1664 1445.9994 1445.821 1445.6377 1445.457 1445.2872 1445.1369 1445.0144 1444.9268 1444.8802 1444.8781 1444.9216 1445.009
1436.1408 1436.4852 1436.8311 1437.1784 1437.527 1437.8765 1438.227 1438.5781 1438.9296 1439.2813 1439.6329 1439.9842 1440.3347 1440.6843 1441.0326 1441.379 1441.7234 1442.0651 1442.4037 1442.7386 1443.0693 1443.3952 1443.7155 1444.0296 1444.3366 1444.6357 1444.926 1445.2064 1445.4758 1445.7332 1445.9771 1446.2063 1446.4194 1446.6149 1446.791 1446.9463 1447.079 1447.1873 1447.2696 1447.3242 1447.3497 1447.3448 1447.3085 1447.2404 1447.1407 1447.0105 1446.8518 1446.6677 1446.4631 1446.2441 1446.0183 1445.7949 1445.5839 1445.3961 1445.2419 1445.1308 1445.0705 1445.0663 1445.1202 1445.2307
1436.4932 1436.8454 1437.1994 1437.555 1437.912 1438.2701 1438.6294 1438.9894 1439.3501 1439.7111 1440.0722 1440.4332 1440.7937 1441.1533 1441.5117 1441.8686 1442.2234 1442.5758 1442.9252 1443.271 1443.6127 1443.9497 1444.2811 1444.6063 1444.9244 1445.2346 1445.5357 1445.8268 1446.1066 1446.374 1446.6275 1446.8656 1447.0869 1447.2896 1447.4719 1447.6319 1447.7676 1447.8771 1447.9582 1448.009 1448.0276 1448.0122 1447.9615 1447.8746 1447.7513 1447.5923 1447.3995 1447.1763 1446.9276 1446.6605 1446.3838 1446.1086 1445.8471 1445.6126 1445.4187 1445.2774 1445.199 1445.1906 1445.2556 1445.3933
1436.8496 1437.21 1437.5723 1437.9364 1438.302 1438.6691 1439.0374 1439.4068 1439.7769 1440.1477 1440.5187 1440.8897 1441.2604 1441.6306 1441.9997 1442.3674 1442.7332 1443.0968 1443.4575 1443.8148 1444.1682 1444.5168 1444.8601 1445.1971 1445.5271 1445.849 1446.1618 1446.4645 1446.7556 1447.0339 1447.2979 1447.546 1447.7764 1447.9873 1448.1766 1448.3423 1448.4819 1448.5933 1448.6738 1448.7211 1448.7327 1448.7064 1448.6403 1448.5329 1448.3835 1448.1922 1447.9606 1447.6921 1447.3918 1447.0676 1446.7298 1446.3913 1446.0675 1445.7748 1445.5304 1445.35 1445.2472 1445.2314 1445.3078 1445.4766
1437.2101 1437.5789 1437.9498 1438.3226 1438.6972 1439.0735 1439.4513 1439.8302 1440.2102 1440.591 1440.9723 1441.3538 1441.7353 1442.1163 1442.4965 1442.8756 1443.253 1443.6283 1444.0009 1444.3704 1444.736 1445.097 1445.4528 1445.8024 1446.145 1446.4796 1446.805 1447.1201 1447.4235 1447.7137 1447.9892 1448.2483 1448.489 1448.7092 1448.9066 1449.079 1449.2235 1449.3376 1449.4182 1449.4624 1449.4672 1449.4298 1449.3474 1449.2178 1449.0396 1448.8121 1448.5365 1448.2156 1447.8548 1447.4627 1447.0511 1446.6354 1446.2341 1445.8682 1445.5594 1445.3282 1445.1922 1445.1643 1445.2515 1445.4554
1437.5747 1437.9521 1438.3318 1438.7137 1439.0977 1439.4834 1439.8709 1440.2598 1440.65 1441.0412 1441.4332 1441.8256 1442.2182 1442.6106 1443.0024 1443.3933 1443.7828 1444.1705 1444.5556 1444.9378 1445.3164 1445.6905 1446.0595 1446.4226 1446.7786 1447.1267 1447.4656 1447.7941 1448.1108 1448.4141 1448.7023 1448.9735 1449.2256 1449.4563 1449.6632 1449.8434 1449.994 1450.1119 1450.1935 1450.2353 1450.2337 1450.185 1450.0855 1449.9321 1449.7223 1449.4545 1449.1289 1448.7477 1448.3161 1447.8432 1447.3423 1446.8315 1446.3337 1445.875 1445.4835 1445.186 1445.0053 1444.9582 1445.0547 1445.2973
1437.9434 1438.3297 1438.7185 1439.1098 1439.5033 1439.8989 1440.2964 1440.6956 1441.0964 1441.4984 1441.9014 1442.3052 1442.7093 1443.1136 1443.5176 1443.9209 1444.323 1444.7235 1445.1219 1445.5175 1445.9096 1446.2976 1446.6807 1447.0579 1447.4284 1447.7909 1448.1443 1448.4873 1448.8184 1449.1359 1449.4379 1449.7225 1449.9874 1450.23 1450.4476 1450.6372 1450.7952 1450.9181 1451.0019 1451.0424 1451.0349 1450.9749 1450.8578 1450.6792 1450.435 1450.1226 1449.7406 1449.2901 1448.7757 1448.2065 1447.5973 1446.9692 1446.3502 1445.7734 1445.2751 1444.8905 1444.6496 1444.5741 1444.6766 1444.9611
1438.3163 1438.7117 1439.1099 1439.5108 1439.9142 1440.3199 1440.7278 1441.1377 1441.5494 1441.9626 1442.3771 1442.7926 1443.2088 1443.6255 1444.0421 1444.4583 1444.8736 1445.2877 1445.6998 1446.1095 1446.516 1446.9186 1447.3166 1447.7089 1448.0946 1448.4726 1448.8415 1449.2001 1449.5468 1449.8797 1450.1969 1450.4964 1450.7755 1451.0315 1451.2615 1451.4619 1451.629 1451.7585 1451.8459 1451.8862 1451.8738 1451.8031 1451.6681 1451.463 1451.182 1450.8204 1450.3751 1449.8453 1449.2342 1448.5504 1447.8096 1447.0363 1446.2644 1445.5362 1444.899 1444.3997 1444.0781 1443.9618 1444.0657 1444.3944
1438.6933 1439.0981 1439.506 1439.9168 1440.3303 1440.7465 1441.1652 1441.5861 1442.0091 1442.4339 1442.8603 1443.288 1443.7168 1444.1462 1444.576 1445.0057 1445.4349 1445.8631 1446.2897 1446.7141 1447.1358 1447.5538 1447.9675 1448.3758 1448.7778 1449.1722 1449.5578 1449.9332 1450.2966 1450.6463 1450.9802 1451.296 1451.5909 1451.8621 1452.1061 1452.3193 1452.4972 1452.6353 1452.7281 1452.7698 1452.7539 1452.6734 1452.5207 1452.2882 1451.968 1451.553 1451.0372 1450.4172 1449.6937 1448.8737 1447.973 1447.0192 1446.0532 1445.1291 1444.3098 1443.6588 1443.2295 1443.0568 1443.1561 1443.5303
1439.0744 1439.4889 1439.9068 1440.3278 1440.7518 1441.1788 1441.6085 1442.0408 1442.4755 1442.9123 1443.3511 1443.7915 1444.2333 1444.6761 1445.1196 1445.5633 1446.0069 1446.4499 1446.8917 1447.3316 1447.7692 1448.2035 1448.6337 1449.059 1449.4782 1449.8902 1450.2937 1450.687 1451.0687 1451.4366 1451.7886 1452.1223 1452.4349 1452.723 1452.9831 1453.2111 1453.4021 1453.5508 1453.6512 1453.6964 1453.6788 1453.5899 1453.4204 1453.1604 1452.7993 1452.3268 1451.7334 1451.0115 1450.158 1449.1765 1448.0815 1446.9026 1445.6888 1444.5091 1443.4485 1442.5951 1442.0227 1441.775 1441.864 1442.2842
1439.4597 1439.8842 1440.3122 1440.7438 1441.1787 1441.6168 1442.0579 1442.502 1442.9488 1443.398 1443.8496 1444.3031 1444.7584 1445.2151 1445.6728 1446.1312 1446.5899 1447.0483 1447.5059 1447.9622 1448.4164 1448.8678 1449.3156 1449.7588 1450.1964 1450.6271 1451.0496 1451.4623 1451.8635 1452.2512 1452.623 1452.9765 1453.3085 1453.6157 1453.8941 1454.1391 1454.3456 1454.5076 1454.6182 1454.6696 1454.6527 1454.5576 1454.3728 1454.0858 1453.6828 1453.1495 1452.4717 1451.6361 1450.6335 1449.4617 1448.1308 1446.6707 1445.138 1443.621 1442.236 1441.1095 1440.3472 1440.0049 1440.0817 1440.5496
1439.8492 1440.2839 1440.7225 1441.1648 1441.6109 1442.0604 1442.5134 1442.9696 1443.4289 1443.891 1444.3558 1444.8229 1445.2922 1445.7633 1446.2359 1446.7096 1447.1839 1447.6585 1448.1327 1448.606 1449.0778 1449.5472 1450.0135 1450.4756 1450.9326 1451.3832 1451.826 1452.2594 1452.6817 1453.0908 1453.4842 1453.8593 1454.2129 1454.5414 1454.8405 1455.1052 1455.3301 1455.5083 1455.6322 1455.6929 1455.68 1455.5816 1455.384 1455.0717 1454.627 1454.0309 1453.2627 1452.3018 1451.1301 1449.7356 1448.1198 1446.3079 1444.3622 1442.3941 1440.5651 1439.0629 1438.0481 1437.5946 1437.6711 1438.1949
