qgis/housing_costs_clipped_idw_2.asc
NCOLS 300
NROWS 300
XLLCORNER -74.3001
YLLCORNER 40.4664
DX 0.00214
DY 0.00154
NODATA_VALUE -9999
[rows 52 to 77 of 300, columns 240 to 299 of 300]
1421.0143 1453.6539 1458.0894 1433.9317 1407.2018 1390.7563 1382.2539 1378.1929 1376.5217 1376.1701 1376.5726 1377.4178 1378.526 1379.7888 1381.1387 1382.5319 1383.9394 1385.342 1386.7261 1388.0827 1389.4055 1390.6902 1391.934 1393.1352 1394.2929 1395.4066 1396.4765 1397.5029 1398.4867 1399.4285 1400.3295 1401.1907 1402.0133 1402.7986 1403.5478 1404.2622 1404.943 1405.5915 1406.2088 1406.7963 1407.3551 1407.8862 1408.3908 1408.8699 1409.3245 1409.7555 1410.164 1410.5506 1410.9164 1411.262 1411.5882 1411.8958 1412.1854 1412.4578 1412.7135 1412.9531 1413.1773 1413.3866 1413.5815 1413.7626
1408.6011 1432.5542 1436.9487 1420.63 1401.6156 1389.0499 1382.241 1378.9524 1377.6659 1377.5229 1378.0468 1378.9663 1380.1212 1381.4135 1382.7813 1384.1844 1385.5958 1386.9976 1388.3773 1389.7266 1391.0395 1392.3124 1393.5426 1394.7286 1395.8699 1396.9661 1398.0176 1399.0249 1399.9888 1400.9103 1401.7905 1402.6306 1403.432 1404.1958 1404.9234 1405.6163 1406.2756 1406.9027 1407.4988 1408.0652 1408.6031 1409.1137 1409.598 1410.057 1410.4919 1410.9035 1411.2928 1411.6607 1412.0079 1412.3353 1412.6437 1412.9338 1413.2061 1413.4615 1413.7005 1413.9238 1414.1319 1414.3254 1414.5047 1414.6705
1394.8232 1409.925 1413.8315 1405.7091 1394.6619 1386.5029 1381.7812 1379.4894 1378.7084 1378.84 1379.5221 1380.537 1381.751 1383.08 1384.4699 1385.8849 1387.3011 1388.7022 1390.0771 1391.4181 1392.7201 1393.9798 1395.195 1396.3645 1397.4878 1398.565 1399.5966 1400.5832 1401.5257 1402.4254 1403.2834 1404.101 1404.8797 1405.6207 1406.3256 1406.9956 1407.6323 1408.2369 1408.8107 1409.3551 1409.8712 1410.3603 1410.8234 1411.2616 1411.676 1412.0675 1412.437 1412.7854 1413.1136 1413.4223 1413.7123 1413.9843 1414.2389 1414.4769 1414.6989 1414.9053 1415.0969 1415.2742 1415.4376 1415.5878
1383.9697 1393.3753 1396.833 1393.8914 1388.5242 1384.0101 1381.2414 1379.9646 1379.7264 1380.1617 1381.0217 1382.1443 1383.4249 1384.795 1386.2093 1387.6373 1389.0584 1390.4584 1391.8275 1393.1591 1394.4489 1395.6939 1396.8925 1398.0438 1399.1476 1400.2041 1401.2141 1402.1783 1403.0979 1403.9742 1404.8084 1405.6021 1406.3566 1407.0735 1407.7542 1408.4003 1409.0131 1409.594 1410.1445 1410.6658 1411.1592 1411.6258 1412.0669 1412.4835 1412.8766 1413.2473 1413.5963 1413.9247 1414.2332 1414.5226 1414.7937 1415.0471 1415.2836 1415.5038 1415.7082 1415.8975 1416.0722 1416.2329 1416.3801 1416.5143
1376.7658 1383.0973 1386.2599 1386.0222 1384.0637 1382.1035 1380.8978 1380.5176 1380.7926 1381.5283 1382.5691 1383.8031 1385.1529 1386.5656 1388.0049 1389.4458 1390.871 1392.2688 1393.6309 1394.9516 1396.2275 1397.4562 1398.6364 1399.7677 1400.8501 1401.8842 1402.8708 1403.8109 1404.7059 1405.5571 1406.366 1407.1341 1407.863 1408.5543 1409.2095 1409.8302 1410.4179 1410.9741 1411.5 1411.9972 1412.4669 1412.9102 1413.3284 1413.7225 1414.0936 1414.4427 1414.7706 1415.0783 1415.3666 1415.6361 1415.8878 1416.1222 1416.34 1416.5419 1416.7284 1416.9002 1417.0576 1417.2014 1417.332 1417.4498
1372.4867 1377.2254 1380.2113 1381.3212 1381.2798 1380.9668 1380.9026 1381.2451 1381.965 1382.9749 1384.1864 1385.5278 1386.945 1388.399 1389.862 1391.3144 1392.7424 1394.1363 1395.4895 1396.7976 1398.0576 1399.268 1400.4279 1401.5373 1402.5964 1403.6061 1404.5674 1405.4816 1406.3501 1407.1745 1407.9563 1408.6972 1409.3989 1410.0631 1410.6914 1411.2854 1411.8467 1412.3768 1412.8772 1413.3491 1413.794 1414.2131 1414.6075 1414.9783 1415.3267 1415.6535 1415.9596 1416.246 1416.5134 1416.7626 1416.9943 1417.2092 1417.408 1417.5911 1417.7593 1417.9131 1418.053 1418.1795 1418.2931 1418.3943
1370.2634 1374.1654 1377.0479 1378.8402 1379.8672 1380.5806 1381.3085 1382.2001 1383.283 1384.5285 1385.8922 1387.3312 1388.8103 1390.302 1391.786 1393.2475 1394.6759 1396.0638 1397.4059 1398.699 1399.9411 1401.131 1402.2684 1403.3536 1404.3874 1405.3706 1406.3046 1407.1909 1408.031 1408.8266 1409.5796 1410.2916 1410.9644 1411.5999 1412.1998 1412.7657 1413.2993 1413.8021 1414.2756 1414.7213 1415.1404 1415.5342 1415.904 1416.2507 1416.5755 1416.8793 1417.163 1417.4275 1417.6735 1417.9018 1418.1131 1418.308 1418.4872 1418.6512 1418.8007 1418.9361 1419.0581 1419.1669 1419.2633 1419.3476
1369.4393 1372.8886 1375.7119 1377.8644 1379.497 1380.8455 1382.1092 1383.4029 1384.7692 1386.2079 1387.7007 1389.2244 1390.7572 1392.2811 1393.782 1395.2492 1396.675 1398.054 1399.3824 1400.6581 1401.8796 1403.0466 1404.1591 1405.2179 1406.2239 1407.1784 1408.083 1408.9392 1409.7489 1410.5138 1411.236 1411.9173 1412.5596 1413.1648 1413.7347 1414.271 1414.7755 1415.2497 1415.6952 1416.1134 1416.5057 1416.8734 1417.2175 1417.5394 1417.8398 1418.1199 1418.3805 1418.6225 1418.8465 1419.0533 1419.2437 1419.4182 1419.5774 1419.7219 1419.8523 1419.9691 1420.0727 1420.1636 1420.2424 1420.3094
1369.5772 1372.7752 1375.5662 1377.9189 1379.9048 1381.6493 1383.2717 1384.853 1386.4336 1388.0248 1389.6225 1391.2159 1392.7928 1394.3421 1395.8546 1397.3233 1398.7429 1400.1097 1401.4214 1402.6767 1403.8749 1405.0163 1406.1014 1407.1312 1408.107 1409.0305 1409.9032 1410.7271 1411.5042 1412.2364 1412.9258 1413.5745 1414.1844 1414.7575 1415.2958 1415.801 1416.2749 1416.7192 1417.1355 1417.5251 1417.8896 1418.23 1418.5478 1418.8438 1419.1192 1419.3749 1419.6118 1419.8306 1420.0321 1420.217 1420.3859 1420.5395 1420.6784 1420.803 1420.9139 1421.0116 1421.0966 1421.1693 1421.2302 1421.2796
1370.3969 1373.4539 1376.2295 1378.7002 1380.8991 1382.894 1384.756 1386.5398 1388.2782 1389.9857 1391.665 1393.3127 1394.923 1396.4901 1398.0083 1399.4736 1400.8828 1402.2338 1403.5253 1404.7569 1405.9289 1407.0417 1408.0965 1409.0946 1410.0377 1410.9274 1411.7659 1412.5551 1413.2973 1413.9946 1414.6491 1415.2631 1415.8387 1416.378 1416.883 1417.3555 1417.7974 1418.2104 1418.5962 1418.9561 1419.2916 1419.6039 1419.8942 1420.1637 1420.4133 1420.6439 1420.8563 1421.0514 1421.2299 1421.3924 1421.5394 1421.6718 1421.7898 1421.8942 1421.9853 1422.0636 1422.1296 1422.1837 1422.2264 1422.2581
1371.7206 1374.6998 1377.471 1380.0153 1382.347 1384.5026 1386.5245 1388.4489 1390.3006 1392.0933 1393.8329 1395.52 1397.1531 1398.7296 1400.2472 1401.7037 1403.0978 1404.4288 1405.6964 1406.9009 1408.0432 1409.1243 1410.1458 1411.1093 1412.0167 1412.87 1413.6716 1414.4236 1415.1284 1415.7884 1416.4059 1416.9831 1417.5224 1418.026 1418.4959 1418.9341 1419.3425 1419.7228 1420.0767 1420.4057 1420.7112 1420.9944 1421.2565 1421.4985 1421.7215 1421.9264 1422.1138 1422.2846 1422.4395 1422.5791 1422.7039 1422.8145 1422.9114 1422.9951 1423.066 1423.1247 1423.1714 1423.2067 1423.231 1423.2445
1373.4353 1376.3742 1379.1482 1381.7412 1384.1581 1386.418 1388.5462 1390.5664 1392.4966 1394.3488 1396.1296 1397.842 1399.4871 1401.0648 1402.5748 1404.0169 1405.391 1406.6974 1407.937 1409.1106 1410.2196 1411.2657 1412.2505 1413.1762 1414.045 1414.859 1415.6209 1416.333 1416.9979 1417.6181 1418.1961 1418.7344 1419.2353 1419.7012 1420.1342 1420.5364 1420.9097 1421.2559 1421.5767 1421.8735 1422.1479 1422.4009 1422.6339 1422.8477 1423.0434 1423.2218 1423.3837 1423.5297 1423.6605 1423.7767 1423.8788 1423.9674 1424.0428 1424.1055 1424.156 1424.1947 1424.2219 1424.2381 1424.2436 1424.2388
1375.4695 1378.3909 1381.1721 1383.7992 1386.2718 1388.5995 1390.7973 1392.8804 1394.8621 1396.7523 1398.5576 1400.2823 1401.929 1403.4995 1404.9949 1406.4163 1407.765 1409.0422 1410.2493 1411.388 1412.4599 1413.4672 1414.412 1415.2966 1416.1234 1416.8951 1417.6142 1418.2836 1418.9058 1419.4836 1420.0197 1420.5166 1420.977 1421.4031 1421.7974 1422.1618 1422.4984 1422.809 1423.0953 1423.3588 1423.6009 1423.8229 1424.0258 1424.2107 1424.3784 1424.5297 1424.6654 1424.7861 1424.8924 1424.9849 1425.0639 1425.13 1425.1836 1425.225 1425.2548 1425.2732 1425.2806 1425.2774 1425.264 1425.2406
1377.7783 1380.6963 1383.4873 1386.139 1388.6482 1391.0191 1393.2604 1395.382 1397.3939 1399.3042 1401.1192 1402.8441 1404.4823 1406.037 1407.5106 1408.9052 1410.2229 1411.4658 1412.6358 1413.7351 1414.7659 1415.7305 1416.6315 1417.4714 1418.253 1418.9789 1419.6522 1420.2756 1420.8523 1421.3849 1421.8765 1422.3296 1422.7471 1423.1314 1423.4849 1423.8097 1424.1079 1424.3815 1424.6319 1424.8609 1425.0697 1425.2596 1425.4316 1425.5867 1425.7257 1425.8494 1425.9584 1426.0534 1426.1347 1426.203 1426.2586 1426.3019 1426.3334 1426.3533 1426.3621 1426.36 1426.3474 1426.3246 1426.2919 1426.2497
1380.3345 1383.2575 1386.0595 1388.7292 1391.2619 1393.6586 1395.9242 1398.0655 1400.0902 1402.0052 1403.8168 1405.5303 1407.1504 1408.681 1410.1253 1411.4866 1412.7674 1413.9706 1415.0986 1416.1539 1417.1393 1418.0572 1418.9104 1419.7018 1420.4344 1421.1111 1421.7351 1422.3095 1422.8374 1423.3219 1423.7662 1424.173 1424.5451 1424.8853 1425.196 1425.4793 1425.7375 1425.9724 1426.1857 1426.3789 1426.5533 1426.7101 1426.8504 1426.975 1427.0847 1427.1802 1427.2621 1427.3308 1427.3868 1427.4306 1427.4624 1427.4828 1427.4918 1427.49 1427.4775 1427.4547 1427.4218 1427.3792 1427.3272 1427.266
1383.1228 1386.0558 1388.869 1391.5516 1394.098 1396.5073 1398.7824 1400.9281 1402.9509 1404.857 1406.653 1408.3445 1409.9369 1411.4348 1412.8424 1414.1635 1415.4014 1416.5593 1417.6401 1418.6467 1419.5819 1420.4487 1421.25 1421.9889 1422.6685 1423.2923 1423.8634 1424.3852 1424.8611 1425.2945 1425.6884 1426.0461 1426.3704 1426.6642 1426.9298 1427.1698 1427.3862 1427.5809 1427.7556 1427.9118 1428.0508 1428.1737 1428.2814 1428.3748 1428.4546 1428.5214 1428.5756 1428.6177 1428.6481 1428.6671 1428.6749 1428.672 1428.6584 1428.6346 1428.6007 1428.5569 1428.5037 1428.4411 1428.3695 1428.2891
1386.1362 1389.082 1391.9059 1394.5971 1397.1493 1399.5606 1401.8328 1403.9699 1405.9777 1407.8626 1409.6314 1411.2903 1412.8454 1414.3021 1415.6652 1416.9391 1418.1277 1419.2344 1420.2626 1421.2153 1422.0956 1422.9067 1423.6516 1424.3337 1424.9563 1425.523 1426.0374 1426.5029 1426.9234 1427.3022 1427.6428 1427.9484 1428.2222 1428.467 1428.6855 1428.8801 1429.0529 1429.2058 1429.3406 1429.4586 1429.5611 1429.6491 1429.7235 1429.7851 1429.8345 1429.872 1429.8983 1429.9134 1429.9179 1429.9118 1429.8955 1429.8691 1429.8328 1429.7868 1429.7312 1429.6665 1429.5926 1429.5098 1429.4185 1429.3188
1389.3741 1392.3342 1395.168 1397.8638 1400.4149 1402.8189 1405.0771 1407.1936 1409.1743 1411.0261 1412.7562 1414.372 1415.8801 1417.2867 1418.5973 1419.8168 1420.9494 1421.9989 1422.9687 1423.8622 1424.6825 1425.4329 1426.1167 1426.7373 1427.2985 1427.8039 1428.2573 1428.6627 1429.0239 1429.3446 1429.6285 1429.8791 1430.0995 1430.2929 1430.4619 1430.609 1430.7364 1430.8459 1430.9393 1431.018 1431.083 1431.1353 1431.1758 1431.2049 1431.2233 1431.2313 1431.2292 1431.2172 1431.1955 1431.1642 1431.1235 1431.0735 1431.0143 1430.946 1430.8688 1430.7828 1430.6882 1430.5852 1430.474 1430.3548
1392.8407 1395.8165 1398.6591 1401.3557 1403.8991 1406.2868 1408.5205 1410.6047 1412.5461 1414.3527 1416.0327 1417.5944 1419.0454 1420.3928 1421.6425 1422.7999 1423.8696 1424.8554 1425.761 1426.5896 1427.3445 1428.029 1428.6467 1429.201 1429.696 1430.1354 1430.5236 1430.8645 1431.1624 1431.4212 1431.6449 1431.8371 1432.0012 1432.1404 1432.2575 1432.355 1432.4352 1432.4998 1432.5505 1432.5886 1432.6151 1432.631 1432.6368 1432.6331 1432.6201 1432.5982 1432.5675 1432.5281 1432.4801 1432.4235 1432.3584 1432.2847 1432.2025 1432.1118 1432.0129 1431.9056 1431.7902 1431.6668 1431.5357 1431.3968
1396.5451 1399.5382 1402.3885 1405.0819 1407.6109 1409.9732 1412.1713 1414.211 1416.1006 1417.8493 1419.467 1420.9632 1422.3465 1423.6248 1424.8049 1425.8923 1426.8917 1427.8072 1428.6422 1429.4 1430.0839 1430.6971 1431.2432 1431.726 1432.1496 1432.5182 1432.8362 1433.1081 1433.3384 1433.5312 1433.6909 1433.8213 1433.926 1434.0082 1434.0709 1434.1167 1434.1477 1434.1657 1434.1724 1434.1688 1434.156 1434.1347 1434.1053 1434.0682 1434.0236 1433.9716 1433.9122 1433.8453 1433.771 1433.689 1433.5994 1433.502 1433.3968 1433.2838 1433.163 1433.0345 1432.8982 1432.7544 1432.6032 1432.4447
1400.501 1403.5137 1406.3709 1409.057 1411.5641 1413.8909 1416.0414 1418.0234 1419.8473 1421.5244 1423.0665 1424.4846 1425.7888 1426.9878 1428.0888 1429.0977 1430.0193 1430.8574 1431.6154 1432.2962 1432.903 1433.4391 1433.908 1434.3136 1434.6603 1434.9527 1435.1954 1435.3933 1435.5512 1435.6738 1435.7654 1435.8303 1435.8722 1435.8945 1435.9003 1435.8921 1435.872 1435.8419 1435.8032 1435.757 1435.704 1435.6449 1435.5798 1435.5091 1435.4326 1435.3504 1435.2622 1435.1679 1435.0672 1434.9599 1434.8458 1434.7248 1434.5967 1434.4614 1434.3188 1434.169 1434.0119 1433.8476 1433.6763 1433.4981
1404.728 1407.7636 1410.6271 1413.3012 1415.7778 1418.0574 1420.1464 1422.0555 1423.798 1425.388 1426.8397 1428.166 1429.3785 1430.4869 1431.4989 1432.4206 1433.2564 1434.0098 1434.6839 1435.2813 1435.8048 1436.2574 1436.6429 1436.9653 1437.2291 1437.4394 1437.6011 1437.7197 1437.8002 1437.8477 1437.867 1437.8624 1437.838 1437.7974 1437.7435 1437.679 1437.606 1437.5262 1437.4409 1437.351 1437.2572 1437.1597 1437.0587 1436.9541 1436.8457 1436.7332 1436.6163 1436.4946 1436.3677 1436.2353 1436.097 1435.9525 1435.8015 1435.644 1435.4798 1435.3087 1435.1308 1434.9461 1434.7547 1434.5566
1409.2519 1412.3154 1415.185 1417.8412 1420.2769 1422.495 1424.5058 1426.324 1427.9667 1429.4518 1430.7963 1432.0154 1433.1225 1434.1281 1435.0405 1435.8654 1436.6071 1437.2684 1437.8515 1438.3586 1438.792 1439.1546 1439.4501 1439.6826 1439.857 1439.9788 1440.0534 1440.0867 1440.0842 1440.0516 1439.9938 1439.9156 1439.8213 1439.7144 1439.5981 1439.475 1439.3472 1439.2162 1439.0831 1438.9488 1438.8134 1438.6772 1438.54 1438.4015 1438.2613 1438.1187 1437.9733 1437.8245 1437.6717 1437.5144 1437.352 1437.1843 1437.0108 1436.8312 1436.6454 1436.4532 1436.2546 1436.0495 1435.838 1435.6202
1414.1071 1417.2057 1420.0812 1422.7122 1425.0933 1427.232 1429.1438 1430.8493 1432.3706 1433.7298 1434.9476 1436.042 1437.0282 1437.9177 1438.7189 1439.4373 1440.0762 1440.6375 1441.1223 1441.532 1441.8683 1442.1338 1442.332 1442.4674 1442.5452 1442.5714 1442.5521 1442.4936 1442.4022 1442.2838 1442.1439 1441.9876 1441.8193 1441.6428 1441.4613 1441.2773 1441.0927 1440.9091 1440.7272 1440.5476 1440.3704 1440.1953 1440.0219 1439.8496 1439.6777 1439.5054 1439.3319 1439.1563 1438.978 1438.7961 1438.6101 1438.4195 1438.2237 1438.0223 1437.8152 1437.6021 1437.3829 1437.1575 1436.926 1436.6884
1419.3387 1422.4828 1425.3641 1427.9596 1430.2679 1432.3036 1434.0904 1435.6561 1437.0295 1438.2379 1439.3063 1440.2559 1441.1039 1441.8626 1442.5404 1443.1419 1443.6691 1444.1223 1444.5013 1444.8062 1445.0378 1445.1984 1445.2914 1445.3217 1445.2949 1445.2177 1445.0969 1444.9395 1444.7525 1444.5423 1444.3148 1444.0756 1443.8292 1443.5795 1443.3298 1443.0825 1442.8395 1442.6018 1442.3702 1442.1448 1441.9254 1441.7114 1441.502 1441.2963 1441.0932 1440.8917 1440.6906 1440.4889 1440.2855 1440.0797 1439.8705 1439.6574 1439.4396 1439.2169 1438.9887 1438.7549 1438.5152 1438.2697 1438.0182 1437.7609
1425.0068 1428.2116 1431.0979 1433.6425 1435.8525 1437.7539 1439.3819 1440.7741 1441.967 1442.9946 1443.8867 1444.6682 1445.3583 1445.9701 1446.5114 1446.9853 1447.3916 1447.7287 1447.9941 1448.1863 1448.3053 1448.3526 1448.3317 1448.2479 1448.1077 1447.9183 1447.6875 1447.4233 1447.1332 1446.8245 1446.5036 1446.1762 1445.8472 1445.5207 1445.1999 1444.887 1444.5837 1444.2908 1444.0088 1443.7372 1443.4756 1443.2229 1442.978 1442.7394 1442.5058 1442.2758 1442.0478 1441.8207 1441.5931 1441.3639 1441.1322 1440.8971 1440.658 1440.4142 1440.1653 1439.9111 1439.6513 1439.3858 1439.1145 1438.8376
