qgis/housing_costs_clipped_idw_2.asc
NCOLS 300
NROWS 300
XLLCORNER -74.3001
YLLCORNER 40.4664
DX 0.00214
DY 0.00154
NODATA_VALUE -9999
[rows 156 to 181 of 300, columns 180 to 239 of 300]
1215.5539 1239.6067 1275.3142 1263.8181 1267.5447 1268.2615 1273.0798 1281.6694 1290.5089 1297.7215 1305.8691 1321.4071 1345.1204 1366.0568 1374.2737 1374.9084 1374.9988 1366.337 1303.4297 1342.8707 1387.1085 1498.4307 1460.813 1471.5299 1476.9751 1541.023 1774.931 1533.3447 1478.7369 1464.5539 1481.0971 1595.6922 1521.0743 1395.519 1357.9006 1350.236 1455.0606 1526.1001 1534.0106 1590.8834 1547.1284 1516.334 1506.2855 1489.0225 1378.1037 1531.2742 1622.7207 1789.2375 1761.5103 1542.7291 1491.7763 1567.5771 1601.8639 1618.7032 1625.9057 1654.3492 1670.0917 1699.9014 1689.292 1786.3323
1185.3085 1210.4009 1277.8875 1292.1134 1265.3725 1260.2645 1265.5291 1274.0244 1280.6312 1282.2766 1281.2951 1294.1589 1323.1978 1347.9109 1363.6909 1374.625 1386.3639 1405.5416 1255.8546 1293.2916 1409.0818 1464.932 1448.4047 1482.8675 1481.3102 1517.9996 1584.4779 1524.0828 1480.4713 1463.5503 1464.055 1485.0103 1481.8938 1423.1635 1417.121 1453.2733 1472.2935 1506.7084 1525.9833 1540.7143 1517.4608 1493.7088 1494.5014 1501.2811 1477.7265 1608.493 1646.7194 1688.4756 1688.5895 1603.7741 1571.152 1624.1982 1649.247 1676.3869 1661.2168 1725.2965 1708.6144 1673.0653 1743.856 1735.4921
1107.7916 1216.1416 1305.4748 1352.791 1254.337 1247.2978 1256.5637 1268.7892 1274.6418 1266.4487 1239.9087 1249.2105 1309.3704 1345.4881 1372.6892 1386.2125 1418.5553 1449.7946 1359.6772 1339.7662 1443.6177 1542.9489 1437.5445 1455.0139 1463.9783 1486.5278 1500.0996 1531.563 1483.058 1461.448 1449.0175 1415.9865 1446.7084 1420.2972 1452.3022 1552.2567 1480.006 1485.7982 1514.8685 1531.431 1494.7992 1458.7796 1493.71 1521.9335 1552.3915 1644.5445 1659.7638 1709.9386 1736.9383 1631.7917 1604.043 1627.0047 1681.1402 1835.4856 1697.4769 1720.4052 1701.0876 1648.1978 1785.4074 1729.8386
1136.4247 1214.3492 1251.0334 1267.2938 1217.2532 1228.2296 1247.2378 1272.6361 1282.9282 1255.2523 1175.6558 1168.8799 1317.6822 1353.0608 1404.766 1395.7821 1489.8545 1398.9898 1342.5633 1340.762 1416.4932 1455.5948 1408.9033 1417.2856 1438.9282 1465.0213 1487.0441 1523.5217 1490.5297 1462.4128 1447.2918 1441.138 1450.8797 1349.8684 1425.7261 1511.8759 1469.1458 1469.8181 1475.4029 1530.8809 1510.0526 1359.6045 1491.6981 1538.3242 1578.9327 1646.005 1662.3055 1677.9807 1657.3811 1642.2871 1622.3594 1630.8214 1697.6991 1808.8645 1708.0326 1676.1877 1664.7126 1637.3712 1679.1718 1674.2364
1296.7847 1218.5983 1168.7873 1195.5598 1192.1468 1209.7826 1237.1858 1297.2115 1337.7981 1252.9562 1191.4308 1198.8451 1392.3916 1364.0489 1369.3203 1369.4776 1415.2756 1370.8504 1309.2426 1320.9479 1393.0987 1395.0986 1382.7648 1378.9593 1418.9774 1447.8565 1457.626 1501.5167 1530.6534 1465.7658 1450.6928 1441.2598 1409.9876 1233.8684 1383.0086 1457.2362 1455.2552 1456.4976 1388.0764 1568.5822 1696.063 1464.4789 1494.6995 1543.9379 1582.6502 1773.3053 1723.5922 1665.1562 1643.5938 1654.8841 1638.9362 1631.607 1671.0984 1752.5279 1697.4795 1668.1808 1667.8596 1649.7355 1656.4841 1672.9063
1388.6268 1207.3079 1049.9242 1147.8244 1177.3363 1186.9711 1220.7671 1297.9902 1358.4368 1240.1259 1209.341 1248.5752 1368.8164 1338.3463 1324.4118 1325.4596 1360.4995 1357.5373 1335.9339 1373.9723 1440.0865 1376.1487 1284.1873 1315.308 1410.1409 1434.5262 1452.4873 1493.6482 1522.0601 1462.4102 1466.7325 1454.9293 1410.8932 1351.5316 1405.7252 1446.9539 1457.7809 1456.1715 1413.7959 1540.4389 1622.4536 1511.8069 1453.05 1501.0473 1656.2095 2162.8562 1844.3591 1680.0409 1658.699 1731.9741 1658.6495 1624.005 1642.8307 1676.0731 1663.4175 1678.3224 1730.0965 1657.1675 1654.6531 1737.6524
1217.6166 1168.3193 1106.6392 1139.2333 1116.3399 1144.9712 1195.2943 1238.8866 1249.1048 1199.5215 1208.4074 1244.6139 1288.891 1269.6846 1309.9251 1316.616 1360.8954 1377.5146 1337.252 1369.4088 1441.2797 1360.3639 1264.6373 1362.4546 1434.0256 1430.1814 1436.1938 1455.4955 1464.6693 1450.2636 1476.1785 1464.3965 1424.9659 1416.5697 1437.3362 1448.3636 1460.8357 1466.3189 1471.026 1513.0827 1539.2638 1509.2117 1420.1279 1456.3381 1690.6193 2060.0532 1833.0406 1691.6039 1733.8403 1798.1704 1667.1229 1593.6231 1613.2403 1634.603 1641.366 1673.5195 1746.6106 1643.3002 1646.6067 1766.9111
1151.3521 1091.7274 1118.4912 1140.1826 1105.5006 1126.0341 1167.3526 1192.1714 1187.0277 1102.9354 1188.2494 1232.4325 1266.126 1265.8926 1313.1711 1340.9347 1371.0528 1404.3144 1313.4071 1261.1506 1336.3497 1346.616 1378.3163 1695.2902 1488.6455 1430.7289 1429.4839 1429.9687 1434.4504 1433.1551 1441.4288 1437.6568 1427.7858 1433.7846 1444.9538 1454.1344 1468.2362 1477.3948 1489.1649 1505.8847 1517.6153 1513.6189 1492.0971 1534.3174 1670.9401 1784.6052 1742.4163 1684.7018 1709.0147 1797.7546 1621.1985 1497.3731 1584.7573 1601.0807 1599.8356 1631.0288 1634.137 1573.0259 1618.7094 1697.5164
1118.5034 934.08452 1090.8636 1181.4903 1103.3044 1103.5407 1136.2429 1156.8719 1162.1962 1126.1874 1174.8698 1203.1275 1255.9752 1285.2461 1338.5475 1412.3358 1343.6846 1328.4015 1284.6661 1235.5571 1288.0085 1331.9591 1359.3043 1581.6003 1461.6675 1411.1437 1411.3417 1411.7531 1415.6301 1414.8553 1404.2668 1406.6317 1422.7475 1438.0428 1451.7493 1471.6398 1484.0235 1489.6723 1504.2675 1510.4338 1514.5772 1523.0467 1538.199 1588.5028 1695.5808 1794.306 1719.4842 1671.678 1676.215 1694.5346 1558.9596 1458.7905 1571.703 1592.2548 1592.3451 1597.9897 1573.6892 1489.049 1596.5512 1648.7873
1118.9843 1021.0846 1066.4198 1134.129 996.43851 1019.5106 1099.9008 1132.3313 1141.532 1154.3209 1159.3428 1142.5908 1245.8264 1291.958 1334.0209 1402.6099 1318.3401 1256.6607 1252.5347 1228.7768 1238.0395 1296.3284 1330.909 1348.4479 1368.7223 1375.1289 1386.5584 1395.0149 1401.1299 1400.2122 1378.4045 1382.382 1414.7829 1441.4628 1477.8772 1523.4187 1518.4877 1503.1257 1519.7261 1519.5568 1516.0791 1530.8947 1560.8977 1620.3031 1727.9694 1865.244 1722.763 1660.718 1654.7573 1649.0354 1590.9011 1552.6273 1578.3919 1586.6281 1578.4499 1566.1933 1578.0422 1554.4482 1629.5071 1643.5272
1122.5106 1054.7841 950.27261 939.4477 634.27461 856.62352 1056.9965 1125.5303 1108.5785 1131.2505 1157.61 1151.9601 1201.1462 1270.5445 1311.2475 1345.9784 1308.4303 1225.1585 1218.1702 1093.826 1098.7147 1221.3007 1224.3085 1178.236 1283.2503 1334.3733 1362.7596 1379.9836 1389.4189 1390.3622 1381.0231 1382.806 1404.6371 1443.1285 1521.587 1656.9856 1585.6719 1515.4136 1515.441 1516.1991 1517.1317 1535.8107 1573.3998 1649.603 1747.298 1763.4095 1693.7104 1650.6641 1657.3754 1679.4756 1622.3225 1593.3372 1589.1054 1581.6804 1565.1805 1548.6051 1597.4329 1681.4929 1749.9706 1672.4566
1102.4714 1027.9101 627.12532 772.57571 563.91165 813.80509 999.56581 1036.2427 1004.6295 1065.0981 1178.3715 1134.1873 1053.1672 1291.8266 1324.7464 1396.942 1325.4419 1247.9033 1188.7118 777.03741 823.69255 1143.8918 1151.3519 1135.0393 1215.1311 1295.8917 1342.4464 1368.8729 1381.1671 1381.1252 1371.3778 1361.0156 1378.2281 1434.0704 1545.7222 1746.6219 1629.6024 1521.8732 1507.1559 1509.0686 1516.811 1537.1181 1574.5103 1667.9164 1862.3927 1737.418 1664.4143 1640.4873 1669.6496 1739.5957 1641.8985 1601.3371 1595.2758 1578.0124 1559.7869 1558.6333 1614.2482 1801.915 1907.6527 1708.0241
1046.4203 1057.6081 751.69752 811.96268 843.25325 884.55436 913.45158 890.45426 730.80733 906.43952 1279.9841 1123.2202 894.25924 1269.4278 1310.9777 1329.5542 1297.859 1242.7899 1216.9983 847.07205 858.79038 1101.1967 1006.274 915.1436 1131.9674 1262.9175 1328.6843 1366.6913 1381.0118 1372.7964 1340.1972 1276.2691 1307.7413 1406.6559 1511.2717 1627.9616 1578.6651 1515.0217 1501.5153 1504.5034 1515.1067 1534.3902 1558.3048 1594.2496 1773.7224 1699.5559 1643.2799 1628.5916 1651.9544 1692.5853 1632.4259 1599.3637 1590.2224 1573.6629 1543.3577 1534.6358 1612.3538 1769.2055 1845.6633 1702.4792
971.27017 1186.1642 996.36445 879.9745 850.29199 771.19167 840.48182 780.97188 723.86228 901.33259 1195.7558 1158.0511 1125.3752 1207.9672 1258.4208 1278.1486 1277.06 1245.1394 1218.0987 1103.0256 1071.7695 1098.38 809.00004 503.73957 1064.7083 1242.4089 1323.933 1383.2858 1401.3816 1371.2762 1303.8995 1127.668 1198.1823 1372.8009 1464.6749 1522.1893 1520.1543 1500.543 1495.5582 1500.5498 1512.0789 1529.1213 1537.7639 1500.1948 1610.6744 1644.7835 1630.8512 1616.747 1622.4246 1631.3286 1610.6186 1592.2704 1582.5592 1571.0553 1551.3425 1549.7404 1603.7906 1682.7594 1717.6 1671.165
1091.7873 1176.6095 979.97666 653.64675 761.92977 360.35972 865.49591 934.37107 981.46141 1088.1636 1178.2653 1177.1938 1175.6047 1194.0239 1229.5001 1260.5711 1270.7732 1254.5688 1254.7798 1203.0261 1167.6337 1129.6914 931.17737 815.20268 1121.6396 1238.5067 1324.2143 1410.992 1435.5368 1376.5551 1301.1423 1134.7368 1198.0745 1360.4441 1436.6573 1475.6688 1487.4472 1487.4876 1489.6449 1496.5023 1508.0949 1523.4833 1532.9686 1523.6703 1583.4691 1646.59 1640.7511 1608.4347 1601.3423 1600.5252 1592.2903 1582.851 1576.0361 1569.8787 1564.0674 1569.4079 1597.1988 1634.3423 1653.2885 1647.047
1258.3536 1169.5791 961.09222 590.50122 820.43963 659.75839 939.04945 1035.0048 1075.1354 1150.798 1198.0422 1189.0754 1198.1531 1262.3497 1209.5467 1193.7975 1215.975 1270.2812 1341.6859 1250.929 1211.7714 1176.3448 1104.5347 1117.6555 1190.4277 1241.0992 1320.9741 1396.4534 1418.5345 1376.7018 1329.3906 1263.1053 1290.0378 1372.8226 1425.8441 1456.1642 1471.6696 1479.311 1485.1382 1492.6516 1503.6109 1517.8275 1531.8454 1545.8052 1584.1488 1649.0905 1641.2259 1599.4137 1586.4645 1582.6977 1578.4173 1573.655 1569.9735 1567.6744 1567.8233 1574.3388 1590.1055 1609.8281 1623.6122 1632.3667
1510.6595 1232.3632 1059.7748 933.7215 893.18251 920.24323 1028.2426 1077.0097 1067.7316 1142.9338 1207.7241 1198.7426 1203.6221 1263.876 1155.8956 1031.3019 1108.2778 1247.1828 1327.8689 1261.9986 1235.2242 1214.8637 1189.1032 1188.9593 1198.8321 1252.4647 1317.3786 1366.0563 1384.1156 1373.4461 1355.3192 1338.0925 1352.324 1390.8165 1424.7874 1449.2704 1466.3972 1477.5502 1483.6712 1489.6426 1499.0478 1511.835 1526.6132 1544.2005 1572.0553 1608.6911 1608.0679 1584.6097 1573.7195 1569.8579 1567.4096 1565.2628 1563.9203 1563.9584 1566.2707 1572.3327 1582.7821 1595.4443 1607.2982 1621.1954
1333.0849 1215.4353 1108.0877 1041.3713 844.44118 957.82983 1078.1295 1072.3242 1071.3694 1149.2272 1235.171 1199.7306 1177.7605 1161.3078 1031.0045 602.98075 919.37651 1188.8832 1252.5167 1253.2061 1247.9479 1241.0499 1232.1875 1228.6703 1237.0459 1275.2542 1319.4472 1352.4663 1369.594 1373.5783 1372.5079 1373.2063 1384.5288 1405.4337 1427.8945 1449.013 1469.7545 1485.9229 1487.8119 1488.1457 1494.7444 1505.6727 1519.1283 1534.919 1554.3172 1573.0583 1576.144 1567.7144 1561.7013 1559.1833 1558.0789 1557.5766 1557.8131 1559.2143 1562.3467 1567.8175 1575.75 1585.3443 1596.0373 1610.4144
1224.1242 1177.0862 1057.8071 1082.2559 1034.4134 1093.8477 1118.7842 1109.4106 1133.7993 1170.3317 1198.8357 1170.83 1129.4745 1066.6414 927.4142 535.11897 880.90549 1184.1992 1233.1936 1247.0397 1255.9313 1258.6983 1258.9232 1261.2115 1272.0246 1296.5409 1325.6623 1350.0036 1366.6293 1377.1932 1385.5971 1394.5588 1404.8478 1417.0815 1432.2754 1451.6845 1479.8436 1508.3853 1499.0629 1488.0098 1490.7835 1499.6521 1511.1977 1524.2906 1538.1738 1549.7588 1554.1024 1552.5942 1550.5333 1549.7089 1549.7804 1550.4283 1551.7228 1553.9407 1557.4236 1562.4615 1569.1068 1577.1538 1586.7722 1599.6525
1188.5093 1154.5652 1065.8091 1114.6799 1130.297 1139.0935 1157.4618 1166.625 1176.4798 1188.6253 1185.6232 1115.2027 1047.7962 940.18201 710.4684 869.83123 1022.2888 1198.7352 1234.0755 1247.1372 1262.7351 1271.4212 1277.0257 1283.4298 1294.5713 1312.2412 1332.9793 1352.3025 1368.5542 1383.1226 1398.9868 1415.6488 1424.9062 1428.4174 1436.6438 1453.6058 1485.9857 1522.145 1506.2188 1486.9965 1486.8585 1493.9252 1503.6465 1514.4015 1525.0211 1533.656 1538.4704 1540.0181 1540.4778 1541.1268 1542.2045 1543.7082 1545.7316 1548.4652 1552.125 1556.8811 1562.7995 1569.9008 1578.4663 1589.3977
1196.6583 1182.0137 1169.0188 1150.337 1156.7303 1178.2075 1203.3668 1210.699 1206.3678 1201.0185 1186.5701 1103.4644 1032.3183 902.51978 610.31348 968.2723 1105.2442 1195.3419 1231.7269 1252.5415 1269.989 1281.3923 1289.8144 1298.3124 1309.2644 1323.5521 1339.862 1356.2815 1372.3803 1390.3556 1415.4769 1447.4236 1455.1298 1441.86 1440.4694 1452.5553 1478.1746 1505.2613 1496.0516 1482.7223 1482.5545 1488.4886 1496.7475 1505.7442 1514.4086 1521.6315 1526.6128 1529.5948 1531.5652 1533.3207 1535.2064 1537.3591 1539.9 1542.9767 1546.74 1551.311 1556.7677 1563.194 1570.8053 1580.006
1231.8396 1226.4349 1215.1011 1131.114 1138.5749 1241.3601 1268.3545 1250.523 1220.3657 1193.239 1188.2983 1159.7005 1117.3231 1035.5089 939.32298 1064.6425 1150.9973 1205.1187 1238.3127 1260.8897 1277.6693 1289.4253 1298.9425 1308.504 1319.3454 1331.9244 1345.8388 1360.5095 1376.4696 1397.1804 1432.9447 1491.8637 1497.673 1456.0522 1443.1801 1449.3961 1465.1908 1480.0574 1480.0253 1476.1945 1477.8296 1483.3069 1490.5208 1498.2618 1505.6936 1512.1183 1517.1232 1520.8146 1523.6814 1526.2117 1528.7102 1531.351 1534.2652 1537.5777 1541.405 1545.8443 1550.9733 1556.877 1563.6869 1571.5502
1263.1783 1223.3287 1248.0843 1209.1058 1220.0979 1318.4006 1359.068 1286.4052 1204.2782 1110.0349 1157.323 1201.3112 1189.485 1149.4246 1116.7929 1139.7095 1176.7358 1215.8885 1247.4407 1269.6821 1284.657 1294.8627 1304.6782 1315.3834 1326.5531 1338.3401 1350.8788 1364.3311 1379.7781 1401.1867 1440.6454 1508.9901 1513.7826 1461.7744 1443.5883 1445.6932 1455.116 1464.2765 1468.0548 1469.6252 1472.9996 1478.3902 1484.903 1491.7625 1498.3725 1504.2772 1509.2311 1513.2763 1516.6723 1519.7229 1522.6652 1525.6642 1528.8463 1532.3207 1536.184 1540.5186 1545.3946 1550.8809 1557.0499 1563.9364
1297.7387 1186.599 1281.6678 1298.1227 1310.5706 1362.6307 1392.2393 1313.8556 1148.0339 775.4777 1060.9938 1232.8241 1246.8297 1218.7824 1183.4951 1154.481 1164.0623 1215.6386 1254.6601 1277.6023 1288.9807 1294.451 1305.8156 1319.5957 1331.9099 1343.4665 1355.122 1367.5252 1381.8772 1401.3439 1433.3971 1479.2506 1484.8996 1454.1691 1441.0618 1441.9801 1448.2853 1455.1125 1460.0665 1463.9535 1468.3867 1473.7826 1479.8229 1486.0587 1492.0918 1497.6195 1502.4821 1506.6913 1510.3923 1513.7792 1517.0284 1520.2807 1523.6493 1527.23 1531.1059 1535.3479 1540.0165 1545.1648 1550.8322 1557.0152
1373.5521 1302.779 1343.8972 1373.5394 1378.0323 1386.9348 1391.9801 1354.5273 1154.113 550.4695 1053.8601 1288.9862 1301.6173 1260.1689 1194.8335 1082.4571 1077.0438 1202.7679 1260.4672 1284.6128 1288.1084 1281.5534 1301.1961 1322.0763 1336.2666 1347.8269 1358.7819 1370.1463 1382.9731 1399.1114 1421.0948 1445.2264 1451.5857 1441.912 1436.6865 1438.3407 1443.4059 1449.2113 1454.4487 1459.2225 1464.155 1469.5221 1475.2205 1481.0011 1486.6081 1491.8405 1496.5897 1500.8541 1504.7187 1508.3108 1511.7602 1515.1814 1518.6715 1522.3141 1526.1811 1530.3341 1534.825 1539.6955 1544.9698 1550.6382
1407.4447 1388.4067 1421.5544 1468.0452 1446.2545 1440.5803 1462.3643 1445.8842 1306.3477 1115.5687 1303.8262 1393.8308 1362.7831 1280.2795 1163.0033 1014.5978 1006.2122 1200.155 1269.1331 1292.1578 1286.5459 1269.1576 1297.9586 1325.1347 1340.5154 1351.8627 1362.0903 1372.3893 1383.5784 1396.5137 1411.5029 1425.5692 1432.1426 1431.961 1432.0651 1434.9146 1439.6286 1444.9612 1450.1933 1455.2464 1460.3425 1465.6216 1471.0464 1476.4773 1481.7526 1486.7393 1491.3626 1495.6162 1499.5519 1503.2557 1506.8233 1510.3457 1513.9046 1517.5718 1521.4099 1525.4726 1529.8048 1534.4412 1539.4008 1544.6796
