qgis/housing_costs_clipped_idw_1.85
NCOLS 300
NROWS 300
XLLCORNER -74.3001
YLLCORNER 40.4664
DX 0.00214
DY 0.00154
NODATA_VALUE -9999
[rows 0 to 25 of 300, columns 60 to 119 of 300]
1394.5103 1394.2905 1394.0641 1393.8309 1393.5907 1393.3433 1393.0884 1392.8258 1392.5552 1392.2763 1391.989 1391.6929 1391.3877 1391.0731 1390.7489 1390.4148 1390.0703 1389.7152 1389.3492 1388.9719 1388.5829 1388.182 1387.7686 1387.3425 1386.9033 1386.4505 1385.9838 1385.5028 1385.0069 1384.4959 1383.9692 1383.4264 1382.8671 1382.2909 1381.6971 1381.0855 1380.4554 1379.8065 1379.1382 1378.45 1377.7416 1377.0123 1376.2617 1375.4893 1374.6946 1373.8771 1373.0364 1372.1719 1371.2833 1370.37 1369.4316 1368.4677 1367.4779 1366.4617 1365.4187 1364.3487 1363.2512 1362.126 1360.9728 1359.7914
1394.8026 1394.5861 1394.363 1394.1332 1393.8964 1393.6523 1393.4008 1393.1416 1392.8744 1392.5989 1392.315 1392.0222 1391.7204 1391.4093 1391.0884 1390.7575 1390.4163 1390.0645 1389.7017 1389.3275 1388.9416 1388.5437 1388.1333 1387.71 1387.2736 1386.8234 1386.3593 1385.8806 1385.3871 1384.8781 1384.3534 1383.8124 1383.2547 1382.6798 1382.0873 1381.4766 1380.8472 1380.1987 1379.5305 1378.8422 1378.1332 1377.403 1376.6512 1375.8772 1375.0805 1374.2605 1373.4169 1372.549 1371.6565 1370.7387 1369.7953 1368.8258 1367.8297 1366.8066 1365.756 1364.6777 1363.5712 1362.4363 1361.2725 1360.0796
1395.0982 1394.8851 1394.6655 1394.4391 1394.2058 1393.9652 1393.7172 1393.4615 1393.1979 1392.926 1392.6456 1392.3564 1392.0581 1391.7504 1391.433 1391.1056 1390.7679 1390.4195 1390.06 1389.6892 1389.3066 1388.9118 1388.5045 1388.0844 1387.6508 1387.2036 1386.7422 1386.2661 1385.7751 1385.2685 1384.746 1384.207 1383.6511 1383.0779 1382.4867 1381.8772 1381.2487 1380.6009 1379.9331 1379.2449 1378.5356 1377.8049 1377.0521 1376.2767 1375.4782 1374.6561 1373.8098 1372.9388 1372.0425 1371.1205 1370.1723 1369.1974 1368.1953 1367.1655 1366.1076 1365.0211 1363.9058 1362.7612 1361.5869 1360.3827
1395.3972 1395.1876 1394.9715 1394.7487 1394.519 1394.2821 1394.0377 1393.7857 1393.5257 1393.2574 1392.9807 1392.6952 1392.4006 1392.0966 1391.7829 1391.4591 1391.125 1390.7802 1390.4243 1390.0569 1389.6778 1389.2864 1388.8825 1388.4655 1388.0352 1387.591 1387.1325 1386.6594 1386.171 1385.667 1385.1469 1384.6103 1384.0565 1383.4851 1382.8956 1382.2875 1381.6603 1381.0133 1380.3462 1379.6583 1378.9491 1378.218 1377.4645 1376.6881 1375.8881 1375.064 1374.2153 1373.3413 1372.4417 1371.5157 1370.563 1369.5829 1368.5749 1367.5387 1366.4736 1365.3793 1364.2553 1363.1012 1361.9167 1360.7013
1395.6995 1395.4935 1395.2811 1395.062 1394.836 1394.6028 1394.3622 1394.114 1393.8578 1393.5933 1393.3204 1393.0388 1392.748 1392.4478 1392.1379 1391.818 1391.4877 1391.1466 1390.7944 1390.4308 1390.0553 1389.6675 1389.2671 1388.8536 1388.4267 1387.9858 1387.5305 1387.0604 1386.575 1386.0739 1385.5565 1385.0223 1384.4708 1383.9016 1383.314 1382.7076 1382.0819 1381.4361 1380.7699 1380.0826 1379.3737 1378.6426 1377.8887 1377.1114 1376.3102 1375.4845 1374.6336 1373.7571 1372.8543 1371.9246 1370.9676 1369.9826 1368.9691 1367.9266 1366.8546 1365.7526 1364.6202 1363.4568 1362.2622 1361.0358
1396.0051 1395.8029 1395.5942 1395.3789 1395.1568 1394.9275 1394.6908 1394.4464 1394.1942 1393.9337 1393.6648 1393.3871 1393.1003 1392.8041 1392.4982 1392.1823 1391.8559 1391.5188 1391.1705 1390.8108 1390.4391 1390.0552 1389.6585 1389.2487 1388.8253 1388.388 1387.9361 1387.4694 1386.9872 1386.4891 1385.9746 1385.4432 1384.8943 1384.3275 1383.7421 1383.1377 1382.5137 1381.8694 1381.2044 1380.518 1379.8097 1379.0788 1378.3248 1377.547 1376.7449 1375.9178 1375.0651 1374.1862 1373.2805 1372.3475 1371.3864 1370.3968 1369.3781 1368.3296 1367.251 1366.1415 1365.0008 1363.8284 1362.6238 1361.3866
1396.314 1396.1156 1395.9109 1395.6995 1395.4813 1395.256 1395.0233 1394.783 1394.5348 1394.2785 1394.0137 1393.7401 1393.4575 1393.1655 1392.8637 1392.5519 1392.2297 1391.8967 1391.5526 1391.1969 1390.8293 1390.4494 1390.0567 1389.6508 1389.2312 1388.7976 1388.3494 1387.8862 1387.4075 1386.9127 1386.4014 1385.873 1385.327 1384.7629 1384.18 1383.5778 1382.9558 1382.3134 1381.6499 1380.9647 1380.2573 1379.5269 1378.7731 1377.9951 1377.1924 1376.3642 1375.51 1374.6291 1373.7208 1372.7847 1371.8199 1370.826 1369.8022 1368.7481 1367.663 1366.5464 1365.3977 1364.2165 1363.0022 1361.7543
1396.6262 1396.4318 1396.231 1396.0237 1395.8096 1395.5884 1395.3599 1395.1238 1394.8798 1394.6277 1394.3672 1394.0979 1393.8196 1393.5319 1393.2345 1392.927 1392.6091 1392.2805 1391.9406 1391.5892 1391.2259 1390.8502 1390.4616 1390.0599 1389.6444 1389.2148 1388.7705 1388.3111 1387.836 1387.3448 1386.837 1386.3119 1385.769 1385.2079 1384.6278 1384.0282 1383.4085 1382.7681 1382.1064 1381.4228 1380.7165 1379.9871 1379.2338 1378.4559 1377.6529 1376.8239 1375.9685 1375.0859 1374.1754 1373.2365 1372.2683 1371.2704 1370.2419 1369.1824 1368.0912 1366.9677 1365.8113 1364.6214 1363.3976 1362.1394
1396.9416 1396.7513 1396.5547 1396.3515 1396.1416 1395.9247 1395.7004 1395.4687 1395.2291 1394.9814 1394.7253 1394.4605 1394.1866 1393.9034 1393.6105 1393.3075 1392.9942 1392.67 1392.3347 1391.9878 1391.6289 1391.2576 1390.8735 1390.4761 1390.0649 1389.6395 1389.1993 1388.744 1388.2729 1387.7856 1387.2814 1386.7599 1386.2205 1385.6626 1385.0856 1384.4888 1383.8718 1383.2338 1382.5742 1381.8924 1381.1877 1380.4595 1379.707 1378.9296 1378.1266 1377.2973 1376.441 1375.557 1374.6446 1373.7032 1372.732 1371.7303 1370.6975 1369.6329 1368.5359 1367.4057 1366.2419 1365.0438 1363.8107 1362.5423
1397.2603 1397.0742 1396.8818 1396.6829 1396.4773 1396.2648 1396.045 1395.8177 1395.5826 1395.3394 1395.0879 1394.8277 1394.5585 1394.28 1393.9917 1393.6935 1393.3848 1393.0654 1392.7347 1392.3925 1392.0383 1391.6717 1391.2922 1390.8994 1390.4927 1390.0718 1389.6361 1389.185 1388.7182 1388.235 1387.7348 1387.2172 1386.6815 1386.1271 1385.5535 1384.9599 1384.3458 1383.7106 1383.0535 1382.3738 1381.671 1380.9443 1380.193 1379.4164 1378.6138 1377.7844 1376.9276 1376.0426 1375.1287 1374.1852 1373.2113 1372.2062 1371.1694 1370.1001 1368.9975 1367.8611 1366.6901 1365.4839 1364.242 1362.9637
1397.5822 1397.4004 1397.2123 1397.0179 1396.8167 1396.6087 1396.3935 1396.1708 1395.9404 1395.7019 1395.4551 1395.1997 1394.9353 1394.6616 1394.3782 1394.0849 1393.7811 1393.4665 1393.1408 1392.8035 1392.4542 1392.0925 1391.7178 1391.3298 1390.9279 1390.5117 1390.0807 1389.6343 1389.1719 1388.6931 1388.1973 1387.6838 1387.1521 1386.6016 1386.0316 1385.4416 1384.8308 1384.1986 1383.5443 1382.8671 1382.1665 1381.4417 1380.692 1379.9165 1379.1147 1378.2857 1377.4287 1376.5431 1375.628 1374.6827 1373.7065 1372.6985 1371.658 1370.5842 1369.4765 1368.3341 1367.1563 1365.9425 1364.6919 1363.4039
1397.9073 1397.7299 1397.5463 1397.3564 1397.1598 1396.9564 1396.7459 1396.528 1396.3024 1396.0688 1395.8269 1395.5764 1395.317 1395.0483 1394.77 1394.4816 1394.183 1393.8735 1393.5529 1393.2208 1392.8766 1392.5199 1392.1504 1391.7674 1391.3706 1390.9594 1390.5333 1390.0917 1389.6341 1389.16 1388.6688 1388.1598 1387.6324 1387.0861 1386.5202 1385.9339 1385.3268 1384.6979 1384.0468 1383.3725 1382.6745 1381.952 1381.2041 1380.4303 1379.6295 1378.8012 1377.9446 1377.0587 1376.1428 1375.1962 1374.2179 1373.2073 1372.1636 1371.0858 1369.9733 1368.8253 1367.6411 1366.4198 1365.1609 1363.8636
1398.2356 1398.0627 1397.8837 1397.6984 1397.5066 1397.308 1397.1023 1396.8892 1396.6686 1396.44 1396.2032 1395.9578 1395.7035 1395.44 1395.1669 1394.8839 1394.5905 1394.2864 1393.9711 1393.6443 1393.3054 1392.9541 1392.5899 1392.2123 1391.8207 1391.4147 1390.9938 1390.5574 1390.1049 1389.6358 1389.1494 1388.6452 1388.1225 1387.5807 1387.0191 1386.4371 1385.8339 1385.2088 1384.5611 1383.8902 1383.1951 1382.4752 1381.7297 1380.9577 1380.1586 1379.3314 1378.4754 1377.5896 1376.6734 1375.7258 1374.746 1373.7332 1372.6866 1371.6052 1370.4883 1369.3351 1368.1448 1366.9166 1365.6497 1364.3434
1398.567 1398.3987 1398.2244 1398.044 1397.857 1397.6633 1397.4625 1397.2545 1397.039 1396.8155 1396.5839 1396.3438 1396.0949 1395.8367 1395.5691 1395.2915 1395.0036 1394.705 1394.3953 1394.074 1393.7407 1393.395 1393.0364 1392.6643 1392.2783 1391.8778 1391.4624 1391.0314 1390.5843 1390.1205 1389.6393 1389.1402 1388.6225 1388.0855 1387.5286 1386.9511 1386.3522 1385.7313 1385.0875 1384.4202 1383.7285 1383.0116 1382.2688 1381.4992 1380.702 1379.8764 1379.0214 1378.1363 1377.2201 1376.272 1375.2911 1374.2765 1373.2274 1372.1428 1371.022 1369.864 1368.668 1367.4331 1366.1586 1364.8437
1398.9015 1398.738 1398.5685 1398.3929 1398.2109 1398.0223 1397.8267 1397.6239 1397.4136 1397.1954 1396.9692 1396.7345 1396.4911 1396.2385 1395.9764 1395.7045 1395.4223 1395.1294 1394.8255 1394.51 1394.1825 1393.8426 1393.4898 1393.1236 1392.7434 1392.3487 1391.939 1391.5138 1391.0723 1390.6141 1390.1385 1389.6448 1389.1324 1388.6006 1388.0488 1387.4761 1386.882 1386.2655 1385.626 1384.9627 1384.2748 1383.5614 1382.8217 1382.0549 1381.2601 1380.4364 1379.583 1378.6989 1377.7832 1376.835 1375.8535 1374.8376 1373.7864 1372.6991 1371.5747 1370.4124 1369.2111 1367.9701 1366.6884 1365.3653
1399.2391 1399.0804 1398.9159 1398.7454 1398.5685 1398.385 1398.1946 1397.9972 1397.7923 1397.5796 1397.3589 1397.1299 1396.8921 1396.6453 1396.389 1396.1229 1395.8466 1395.5597 1395.2617 1394.9522 1394.6308 1394.297 1393.9503 1393.5901 1393.216 1392.8274 1392.4238 1392.0045 1391.5691 1391.1167 1390.6469 1390.159 1389.6523 1389.1261 1388.5797 1388.0123 1387.4232 1386.8117 1386.1769 1385.518 1384.8342 1384.1247 1383.3886 1382.625 1381.8331 1381.0118 1380.1603 1379.2777 1378.363 1377.4152 1376.4335 1375.4168 1374.3641 1373.2745 1372.147 1370.9808 1369.7747 1368.5279 1367.2395 1365.9085
1399.5797 1399.426 1399.2666 1399.1012 1398.9295 1398.7514 1398.5664 1398.3744 1398.1751 1397.9681 1397.7531 1397.5298 1397.2979 1397.057 1396.8067 1396.5467 1396.2765 1395.9957 1395.7039 1395.4007 1395.0856 1394.7581 1394.4177 1394.0639 1393.6961 1393.3139 1392.9166 1392.5037 1392.0745 1391.6284 1391.1648 1390.683 1390.1823 1389.662 1389.1214 1388.5596 1387.976 1387.3698 1386.7401 1386.0861 1385.4069 1384.7018 1383.9697 1383.2098 1382.4211 1381.6027 1380.7537 1379.8731 1378.9598 1378.013 1377.0315 1376.0144 1374.9607 1373.8694 1372.7393 1371.5696 1370.3592 1369.1072 1367.8124 1366.4741
1399.9233 1399.7748 1399.6205 1399.4604 1399.2941 1399.1214 1398.942 1398.7556 1398.562 1398.3608 1398.1517 1397.9344 1397.7085 1397.4737 1397.2296 1396.9758 1396.7119 1396.4375 1396.1522 1395.8554 1395.5469 1395.2259 1394.8921 1394.5449 1394.1838 1393.8083 1393.4176 1393.0113 1392.5887 1392.1492 1391.6922 1391.2168 1390.7225 1390.2085 1389.674 1389.1183 1388.5406 1387.9401 1387.3159 1386.6672 1385.9931 1385.2927 1384.5651 1383.8093 1383.0244 1382.2095 1381.3634 1380.4852 1379.574 1378.6285 1377.6479 1376.631 1375.5768 1374.4841 1373.3521 1372.1794 1370.9652 1369.7084 1368.4079 1367.0627
1400.2699 1400.1266 1399.9776 1399.8229 1399.6621 1399.495 1399.3213 1399.1407 1398.9529 1398.7576 1398.5546 1398.3434 1398.1238 1397.8953 1397.6575 1397.4102 1397.1528 1396.8851 1396.6064 1396.3164 1396.0146 1395.7005 1395.3735 1395.0332 1394.6791 1394.3104 1393.9268 1393.5274 1393.1118 1392.6792 1392.229 1391.7604 1391.2729 1390.7655 1390.2376 1389.6884 1389.117 1388.5226 1387.9044 1387.2614 1386.5928 1385.8977 1385.175 1384.4239 1383.6433 1382.8322 1381.9897 1381.1145 1380.2057 1379.2622 1378.283 1377.2668 1376.2126 1375.1193 1373.9857 1372.8107 1371.5932 1370.3322 1369.0264 1367.6748
1400.6194 1400.4814 1400.3379 1400.1887 1400.0335 1399.8721 1399.7042 1399.5296 1399.3478 1399.1587 1398.9619 1398.757 1398.5437 1398.3217 1398.0906 1397.8499 1397.5993 1397.3383 1397.0666 1396.7835 1396.4887 1396.1817 1395.8619 1395.5288 1395.1819 1394.8205 1394.4441 1394.052 1393.6436 1393.2183 1392.7753 1392.314 1391.8335 1391.3332 1390.8123 1390.2699 1389.7052 1389.1174 1388.5056 1387.8689 1387.2063 1386.5169 1385.7997 1385.0537 1384.2779 1383.4713 1382.6327 1381.7611 1380.8554 1379.9144 1378.9371 1377.9222 1376.8686 1375.7752 1374.6407 1373.4639 1372.2437 1370.979 1369.6685 1368.3111
1400.9718 1400.8392 1400.7013 1400.5577 1400.4083 1400.2528 1400.0909 1399.9223 1399.7467 1399.5639 1399.3734 1399.175 1398.9683 1398.753 1398.5287 1398.2949 1398.0512 1397.7973 1397.5327 1397.2568 1396.9693 1396.6696 1396.3573 1396.0316 1395.6922 1395.3384 1394.9695 1394.5851 1394.1843 1393.7666 1393.3312 1392.8774 1392.4045 1391.9116 1391.3981 1390.863 1390.3055 1389.7247 1389.1198 1388.4897 1387.8336 1387.1505 1386.4393 1385.699 1384.9285 1384.1269 1383.2929 1382.4254 1381.5233 1380.5854 1379.6106 1378.5976 1377.5453 1376.4523 1375.3174 1374.1395 1372.9173 1371.6495 1370.3349 1368.9723
1401.327 1401.2 1401.0677 1400.9299 1400.7864 1400.6369 1400.4811 1400.3187 1400.1495 1399.9731 1399.7892 1399.5975 1399.3976 1399.1891 1398.9717 1398.745 1398.5086 1398.2619 1398.0047 1397.7363 1397.4563 1397.1643 1396.8596 1396.5417 1396.2101 1395.8641 1395.5032 1395.1266 1394.7338 1394.3241 1393.8966 1393.4508 1392.9858 1392.5008 1391.9951 1391.4677 1390.9178 1390.3446 1389.747 1389.1241 1388.475 1387.7986 1387.0939 1386.3598 1385.5953 1384.7992 1383.9703 1383.1076 1382.2097 1381.2756 1380.3039 1379.2934 1378.2429 1377.151 1376.0165 1374.8381 1373.6144 1372.3442 1371.0261 1369.6589
1401.685 1401.5636 1401.4371 1401.3053 1401.1678 1401.0244 1400.8749 1400.7189 1400.5561 1400.3863 1400.2092 1400.0243 1399.8314 1399.63 1399.4198 1399.2004 1398.9713 1398.7322 1398.4825 1398.2218 1397.9497 1397.6655 1397.3688 1397.059 1396.7354 1396.3977 1396.0449 1395.6767 1395.2922 1394.8908 1394.4717 1394.0342 1393.5775 1393.1008 1392.6033 1392.0841 1391.5423 1390.977 1390.3873 1389.7721 1389.1305 1388.4614 1387.7638 1387.0365 1386.2784 1385.4884 1384.6653 1383.8079 1382.9149 1381.9851 1381.0172 1380.0099 1378.9619 1377.8718 1376.7383 1375.56 1374.3356 1373.0636 1371.7427 1370.3716
1402.0457 1401.9301 1401.8096 1401.6837 1401.5524 1401.4153 1401.2721 1401.1227 1400.9666 1400.8036 1400.6333 1400.4554 1400.2697 1400.0755 1399.8727 1399.6608 1399.4394 1399.208 1398.9662 1398.7135 1398.4494 1398.1734 1397.8849 1397.5834 1397.2683 1396.939 1396.5949 1396.2352 1395.8594 1395.4667 1395.0563 1394.6276 1394.1796 1393.7117 1393.2229 1392.7123 1392.1791 1391.6222 1391.0409 1390.4339 1389.8003 1389.1391 1388.449 1387.7291 1386.9781 1386.1949 1385.3781 1384.5267 1383.6392 1382.7144 1381.751 1380.7476 1379.7027 1378.6151 1377.4833 1376.3059 1375.0814 1373.8084 1372.4854 1371.111
1402.409 1402.2994 1402.1849 1402.0652 1401.9401 1401.8095 1401.6729 1401.5301 1401.3808 1401.2247 1401.0615 1400.8909 1400.7124 1400.5258 1400.3305 1400.1264 1399.9128 1399.6894 1399.4556 1399.2111 1398.9554 1398.6878 1398.4079 1398.115 1397.8087 1397.4882 1397.153 1396.8023 1396.4355 1396.0519 1395.6506 1395.231 1394.7922 1394.3334 1393.8537 1393.3523 1392.8281 1392.2802 1391.7077 1391.1095 1390.4845 1389.8317 1389.1498 1388.4379 1387.6946 1386.9187 1386.109 1385.2642 1384.3829 1383.4638 1382.5055 1381.5067 1380.4658 1379.3814 1378.252 1377.0762 1375.8524 1374.5791 1373.2548 1371.8779
1402.775 1402.6714 1402.563 1402.4496 1402.331 1402.2069 1402.077 1401.941 1401.7987 1401.6497 1401.4938 1401.3305 1401.1595 1400.9806 1400.7932 1400.5969 1400.3914 1400.1762 1399.9508 1399.7148 1399.4676 1399.2087 1398.9377 1398.6538 1398.3565 1398.0451 1397.7191 1397.3778 1397.0204 1396.6462 1396.2545 1395.8445 1395.4153 1394.9661 1394.496 1394.0041 1393.4895 1392.9511 1392.388 1391.799 1391.1832 1390.5394 1389.8663 1389.1629 1388.428 1387.6601 1386.8581 1386.0206 1385.1462 1384.2335 1383.2812 1382.2876 1381.2514 1380.171 1379.0449 1377.8714 1376.6491 1375.3764 1374.0515 1372.6729
