qgis/housing_costs_clipped_idw_1.85
NCOLS 300
NROWS 300
XLLCORNER -74.3001
YLLCORNER 40.4664
DX 0.00214
DY 0.00154
NODATA_VALUE -9999
[rows 260 to 285 of 300, columns 60 to 119 of 300]
1684.9411 1621.7411 1581.3897 1554.922 1539.0692 1532.181 1531.7276 1534.7018 1538.8222 1542.5334 1544.4659 1543.4534 1539.1508 1532.3091 1524.2013 1515.8937 1507.9839 1500.6988 1494.0646 1488.0233 1482.4921 1477.3879 1472.6359 1468.1718 1463.9424 1459.9049 1456.0267 1452.2842 1448.6614 1445.1474 1441.7354 1438.4202 1435.1972 1432.0621 1429.0103 1426.0368 1423.1369 1420.3058 1417.5388 1414.8318 1412.1806 1409.5813 1407.0305 1404.5247 1402.0606 1399.6353 1397.2458 1394.8894 1392.5635 1390.2657 1387.9936 1385.7452 1383.5185 1381.3116 1379.1229 1376.951 1374.7947 1372.6528 1370.5247 1368.4099
1664.2426 1615.5739 1582.039 1559.2811 1544.775 1536.8741 1533.7972 1533.6212 1534.6958 1535.7372 1535.7022 1533.8322 1529.888 1524.2316 1517.5645 1510.5636 1503.6872 1497.1693 1491.0924 1485.4562 1480.2238 1475.3452 1470.7693 1466.4487 1462.3422 1458.4155 1454.6411 1450.9985 1447.4725 1444.0525 1440.7308 1437.5017 1434.3603 1431.302 1428.3224 1425.4171 1422.5815 1419.8114 1417.1026 1414.4512 1411.8534 1409.3056 1406.8047 1404.3473 1401.9306 1399.5516 1397.2077 1394.8963 1392.6151 1390.3618 1388.1343 1385.9308 1383.7492 1381.5882 1379.4461 1377.3218 1375.2141 1373.1223 1371.0457 1368.9841
1641.8206 1606.1974 1579.301 1559.9684 1546.8022 1538.585 1534.0566 1531.909 1530.9503 1530.1886 1528.8356 1526.3519 1522.5431 1517.5751 1511.8413 1505.7688 1499.6893 1493.8064 1488.2181 1482.9541 1478.0068 1473.3502 1468.9514 1464.777 1460.7959 1456.9811 1453.31 1449.7649 1446.3322 1443.0018 1439.766 1436.6187 1433.5549 1430.5701 1427.66 1424.8203 1422.047 1419.3362 1416.684 1414.0868 1411.5412 1409.0439 1406.5918 1404.182 1401.8117 1399.4782 1397.1791 1394.9121 1392.6749 1390.4654 1388.2818 1386.1223 1383.9853 1381.8692 1379.7729 1377.6951 1375.6351 1373.5922 1371.5658 1369.556
1621.5988 1595.739 1574.5151 1558.2657 1546.46 1538.347 1533.0675 1529.7142 1527.4261 1525.4572 1523.2132 1520.2915 1516.524 1511.9741 1506.8619 1501.4562 1495.9903 1490.6269 1485.4599 1480.5314 1475.8504 1471.4072 1467.1827 1463.154 1459.2986 1455.5956 1452.0268 1448.5772 1445.235 1441.9908 1438.8371 1435.768 1432.7786 1429.8644 1427.0212 1424.2451 1421.5322 1418.8791 1416.2821 1413.7379 1411.2433 1408.7953 1406.3911 1404.0279 1401.7032 1399.4145 1397.1595 1394.936 1392.7421 1390.5758 1388.4354 1386.3192 1384.2258 1382.1539 1380.1024 1378.0703 1376.0569 1374.0617 1372.0843 1370.1248
1604.5553 1585.4532 1568.6942 1555.0852 1544.592 1536.8237 1531.2243 1527.1676 1524.0343 1521.271 1518.43 1515.2034 1511.4449 1507.1638 1502.4806 1497.5632 1492.5726 1487.6334 1482.8268 1478.1969 1473.7612 1469.52 1465.4638 1461.5782 1457.8471 1454.2548 1450.7868 1447.4308 1444.1765 1441.0155 1437.941 1434.9472 1432.0294 1429.1832 1426.4046 1423.6901 1421.036 1418.439 1415.8958 1413.4033 1410.9587 1408.5591 1406.2018 1403.8844 1401.6045 1399.3597 1397.1481 1394.9675 1392.8161 1390.6923 1388.5943 1386.5207 1384.4702 1382.4417 1380.4341 1378.4467 1376.4789 1374.5302 1372.6004 1370.6898
1590.4403 1575.8992 1562.4998 1551.059 1541.7655 1534.4611 1528.8062 1524.3762 1520.7298 1517.4595 1514.2292 1510.8005 1507.048 1502.9535 1498.579 1494.0284 1489.4112 1484.8199 1480.3208 1475.955 1471.743 1467.6909 1463.7956 1460.0487 1456.4392 1452.9555 1449.5864 1446.3219 1443.1533 1440.0731 1437.0751 1434.154 1431.3053 1428.5249 1425.809 1423.1543 1420.5573 1418.015 1415.5243 1413.0825 1410.6867 1408.3345 1406.0233 1403.7508 1401.5149 1399.3133 1397.1443 1395.0059 1392.8964 1390.8142 1388.7579 1386.7262 1384.7178 1382.7318 1380.7673 1378.8236 1376.9003 1374.9969 1373.1136 1371.2504
1578.6962 1567.2385 1556.3171 1546.6083 1538.3671 1531.5669 1526.0137 1521.426 1517.4928 1513.9165 1510.4451 1506.8943 1503.1578 1499.2049 1495.0639 1490.7972 1486.4786 1482.1752 1477.9395 1473.8068 1469.7978 1465.9214 1462.1785 1458.5648 1455.0733 1451.6956 1448.4232 1445.248 1442.1627 1439.1609 1436.2371 1433.3865 1430.6047 1427.8881 1425.2331 1422.6365 1420.0951 1417.6061 1415.1668 1412.7745 1410.4266 1408.1208 1405.8548 1403.6265 1401.4337 1399.2747 1397.1475 1395.0506 1392.9823 1390.9411 1388.9258 1386.9351 1384.9681 1383.0238 1381.1014 1379.2005 1377.3205 1375.4615 1373.6232 1371.8061
1568.7902 1559.4486 1550.3473 1542.0016 1534.6584 1528.3556 1522.9916 1518.3846 1514.3177 1510.5755 1506.9699 1503.3582 1499.6523 1495.8174 1491.862 1487.8227 1483.748 1479.6861 1475.6772 1471.7508 1467.9257 1464.2119 1460.6124 1457.1259 1453.7482 1450.4733 1447.2949 1444.2066 1441.2025 1438.277 1435.4253 1432.643 1429.9263 1427.2716 1424.6758 1422.1357 1419.6486 1417.2118 1414.8226 1412.4787 1410.1777 1407.9174 1405.6958 1403.5108 1401.3605 1399.2432 1397.1573 1395.1011 1393.0732 1391.0723 1389.0973 1387.147 1385.2204 1383.317 1381.4359 1379.5767 1377.7392 1375.9232 1374.1288 1372.3564
1560.2948 1552.4372 1544.6811 1537.403 1530.8138 1524.9763 1519.8448 1515.3044 1511.2063 1507.3955 1503.732 1500.1063 1496.446 1492.7169 1488.9168 1485.0656 1481.1949 1477.3386 1473.527 1469.7838 1466.1255 1462.5617 1459.0968 1455.7313 1452.4627 1449.2872 1446.2 1443.1963 1440.271 1437.4197 1434.638 1431.9222 1429.2687 1426.6744 1424.1361 1421.6512 1419.217 1416.831 1414.4909 1412.1944 1409.9394 1407.7238 1405.5457 1403.4033 1401.2947 1399.2185 1397.173 1395.1568 1393.1687 1391.2074 1389.2719 1387.3612 1385.4744 1383.6109 1381.7702 1379.9518 1378.1557 1376.3816 1374.6299 1372.9008
1552.8872 1546.0969 1539.3472 1532.9077 1526.9468 1521.5317 1516.648 1512.2257 1508.1634 1504.3506 1500.6837 1497.0789 1493.4777 1489.8487 1486.1842 1482.494 1478.7978 1475.1194 1471.4811 1467.9016 1464.3949 1460.9698 1457.631 1454.38 1451.2158 1448.136 1445.1372 1442.2154 1439.3668 1436.5876 1433.8741 1431.2229 1428.6309 1426.0953 1423.6131 1421.182 1418.7995 1416.4633 1414.1712 1411.9212 1409.7112 1407.5394 1405.404 1403.3034 1401.2358 1399.1999 1397.1942 1395.2174 1393.2683 1391.3459 1389.4492 1387.5773 1385.7295 1383.9051 1382.1039 1380.3254 1378.5696 1376.8364 1375.1261 1373.4391
1546.3284 1540.3265 1534.3425 1528.5668 1523.129 1518.0908 1513.4544 1509.1783 1505.1945 1501.4246 1497.7925 1494.2343 1490.7032 1487.1718 1483.6301 1480.0815 1476.538 1473.0159 1469.5316 1466.0997 1462.7313 1459.4345 1456.2137 1453.0712 1450.0067 1447.0188 1444.1052 1441.2628 1438.4887 1435.7795 1433.1323 1430.544 1428.012 1425.5335 1423.1061 1420.7275 1418.3955 1416.1079 1413.8628 1411.6583 1409.4925 1407.3637 1405.2702 1403.2106 1401.1833 1399.187 1397.2204 1395.2823 1393.3716 1391.4874 1389.6287 1387.7949 1385.9852 1384.1992 1382.4366 1380.697 1378.9805 1377.2871 1375.617 1373.9709
1540.4414 1535.0387 1529.6485 1524.4044 1519.4039 1514.6993 1510.3004 1506.1839 1502.3046 1498.6072 1495.0361 1491.5428 1488.0904 1484.6555 1481.2277 1477.8068 1474.3996 1471.0171 1467.6712 1464.373 1461.1316 1457.9537 1454.8436 1451.8036 1448.8341 1445.9345 1443.103 1440.3375 1437.6355 1434.9944 1432.4116 1429.8846 1427.4109 1424.9882 1422.6143 1420.287 1418.0043 1415.7644 1413.5653 1411.4053 1409.2828 1407.1962 1405.1439 1403.1246 1401.1369 1399.1795 1397.2512 1395.3511 1393.4781 1391.6313 1389.81 1388.0135 1386.2412 1384.4928 1382.7678 1381.0663 1379.388 1377.7333 1376.1024 1374.4958
1535.095 1530.1604 1525.2406 1520.4285 1515.7962 1511.3861 1507.2107 1503.2577 1499.4974 1495.8912 1492.3986 1488.9829 1485.6153 1482.2764 1478.9562 1475.6526 1472.3691 1469.113 1465.8928 1462.7169 1459.5925 1456.5253 1453.5191 1450.5761 1447.6972 1444.8821 1442.1297 1439.4385 1436.8064 1434.2314 1431.7113 1429.2439 1426.8271 1424.4588 1422.137 1419.8598 1417.6254 1415.4321 1413.278 1411.1618 1409.0817 1407.0365 1405.0246 1403.0449 1401.096 1399.1768 1397.2863 1395.4235 1393.5875 1391.7774 1389.9928 1388.2328 1386.4972 1384.7854 1383.0973 1381.4328 1379.792 1378.1749 1376.582 1375.0138
1530.1906 1525.6322 1521.0932 1516.6377 1512.3184 1508.1687 1504.201 1500.4097 1496.7755 1493.2716 1489.8684 1486.5387 1483.26 1480.0165 1476.7991 1473.6048 1470.4352 1467.2949 1464.19 1461.1267 1458.1108 1455.1469 1452.2384 1449.3873 1446.5947 1443.8606 1441.1844 1438.5649 1436.0005 1433.4897 1431.0305 1428.6212 1426.2598 1423.9446 1421.6737 1419.4455 1417.2583 1415.1105 1413.0006 1410.9272 1408.8888 1406.8842 1404.912 1402.9711 1401.0603 1399.1787 1397.3252 1395.499 1393.6993 1391.9254 1390.1766 1388.4525 1386.7527 1385.0768 1383.4247 1381.7964 1380.1919 1378.6115 1377.0555 1375.5245
1525.6535 1521.4056 1517.1815 1513.0254 1508.9752 1505.0566 1501.2808 1497.6461 1494.1401 1490.7441 1487.437 1484.1983 1481.0108 1477.8616 1474.7431 1471.6519 1468.5883 1465.5552 1462.5569 1459.5982 1456.6834 1453.8163 1450.9998 1448.2359 1445.5256 1442.8691 1440.2662 1437.7159 1435.2171 1432.7686 1430.3686 1428.0158 1425.7084 1423.4449 1421.2238 1419.0434 1416.9024 1414.7993 1412.7326 1410.7012 1408.7036 1406.7388 1404.8055 1402.9028 1401.0295 1399.1847 1397.3676 1395.5773 1393.8133 1392.0747 1390.3612 1388.6722 1387.0074 1385.3666 1383.7497 1382.1567 1380.5877 1379.0429 1377.5228 1376.0279
1521.4265 1517.4412 1513.4832 1509.5825 1505.7662 1502.0539 1498.4552 1494.9702 1491.5912 1488.3054 1485.0975 1481.9524 1478.8569 1475.8009 1472.7778 1469.7844 1466.8203 1463.8874 1460.9886 1458.1273 1455.3072 1452.5311 1449.8017 1447.1206 1444.4888 1441.9067 1439.3742 1436.8908 1434.4555 1432.0673 1429.7249 1427.427 1425.1723 1422.9594 1420.7868 1418.6532 1416.5573 1414.4979 1412.4736 1410.4833 1408.5258 1406.6001 1404.705 1402.8397 1401.0032 1399.1946 1397.4132 1395.6582 1393.9291 1392.2252 1390.5462 1388.8916 1387.2611 1385.6547 1384.0721 1382.5135 1380.979 1379.4689 1377.9836 1376.5237
1517.4652 1513.7071 1509.9781 1506.2988 1502.6884 1499.1615 1495.7261 1492.3832 1489.1281 1485.9521 1482.8444 1479.7937 1476.79 1473.8254 1470.8945 1467.9944 1465.1245 1462.2858 1459.4802 1456.7105 1453.9794 1451.2893 1448.6423 1446.0399 1443.4831 1440.9724 1438.5077 1436.0888 1433.7149 1431.3853 1429.0988 1426.8545 1424.651 1422.4874 1420.3622 1418.2744 1416.2227 1414.206 1412.2232 1410.2732 1408.355 1406.4676 1404.6101 1402.7815 1400.981 1399.208 1397.4616 1395.7413 1394.0464 1392.3766 1390.7313 1389.1104 1387.5135 1385.9406 1384.3916 1382.8666 1381.3657 1379.8894 1378.4379 1377.0119
1513.7351 1510.177 1506.6488 1503.1642 1499.737 1496.3779 1493.0932 1489.8845 1486.7492 1483.6812 1480.6729 1477.716 1474.8031 1471.9279 1469.0863 1466.2756 1463.4951 1460.7453 1458.0278 1455.3444 1452.6973 1450.0886 1447.5199 1444.9925 1442.5075 1440.0652 1437.6659 1435.3092 1432.9948 1430.7219 1428.4898 1426.2975 1424.1441 1422.0285 1419.9496 1417.9065 1415.898 1413.9232 1411.9811 1410.0706 1408.1909 1406.3411 1404.5204 1402.7278 1400.9628 1399.2246 1397.5126 1395.8262 1394.165 1392.5285 1390.9164 1389.3285 1387.7644 1386.2243 1384.708 1383.2157 1381.7477 1380.3041 1378.8855 1377.4924
1510.2086 1506.8294 1503.4798 1500.1689 1496.9062 1493.6999 1490.5549 1487.4729 1484.4524 1481.4895 1478.5788 1475.7143 1472.8905 1470.1026 1467.3472 1464.6223 1461.9271 1459.2618 1456.6277 1454.026 1451.4586 1448.9271 1446.4329 1443.9772 1441.5609 1439.1844 1436.8479 1434.5513 1432.2944 1430.0766 1427.8973 1425.7557 1423.651 1421.5822 1419.5486 1417.5492 1415.583 1413.6492 1411.7468 1409.8751 1408.0332 1406.2203 1404.4356 1402.6785 1400.9482 1399.2442 1397.5659 1395.9129 1394.2846 1392.6808 1391.1012 1389.5455 1388.0136 1386.5055 1385.0212 1383.5608 1382.1246 1380.713 1379.3263 1377.9652
1506.8637 1503.6466 1500.4579 1497.3035 1494.1902 1491.1239 1488.1087 1485.1461 1482.2354 1479.3742 1476.5585 1473.7843 1471.0475 1468.3443 1465.6723 1463.0298 1460.4162 1457.8315 1455.2766 1452.7526 1450.2609 1447.8029 1445.3798 1442.9926 1440.6421 1438.3288 1436.053 1433.8145 1431.6133 1429.4489 1427.3209 1425.2286 1423.1713 1421.1483 1419.1588 1417.2021 1415.2773 1413.3836 1411.5202 1409.6865 1407.8816 1406.1048 1404.3556 1402.6331 1400.937 1399.2665 1397.6213 1396.001 1394.405 1392.8333 1391.2854 1389.7613 1388.2608 1386.7839 1385.3308 1383.9016 1382.4966 1381.116 1379.7603 1378.4301
1503.6823 1500.6137 1497.5714 1494.5595 1491.5829 1488.6458 1485.7515 1482.9015 1480.0955 1477.332 1474.6086 1471.9222 1469.2698 1466.6489 1464.0574 1461.4942 1458.9587 1456.4509 1453.9716 1451.5217 1449.1022 1446.7144 1444.3592 1442.0376 1439.7503 1437.4978 1435.2804 1433.0981 1430.9508 1428.8382 1426.76 1424.7156 1422.7046 1420.7262 1418.7799 1416.8649 1414.9805 1413.1261 1411.3009 1409.5044 1407.7358 1405.9945 1404.2799 1402.5916 1400.9288 1399.2913 1397.6786 1396.0903 1394.526 1392.9856 1391.4688 1389.9756 1388.5059 1387.0596 1385.6369 1384.2381 1382.8633 1381.5129 1380.1874 1378.8873
1500.6497 1497.718 1494.8102 1491.9292 1489.0785 1486.2612 1483.4799 1480.7361 1478.0298 1475.3603 1472.7258 1470.1244 1467.5539 1465.0126 1462.4989 1460.0119 1457.5514 1455.1173 1452.7103 1450.331 1447.9805 1445.6598 1443.3697 1441.111 1438.8844 1436.6905 1434.5294 1432.4014 1430.3063 1428.244 1426.2142 1424.2165 1422.2505 1420.3157 1418.4114 1416.5372 1414.6924 1412.8764 1411.0887 1409.3285 1407.5955 1405.889 1404.2085 1402.5535 1400.9236 1399.3184 1397.7375 1396.1805 1394.6473 1393.1377 1391.6514 1390.1884 1388.7486 1387.3323 1385.9393 1384.5701 1383.2248 1381.9038 1380.6075 1379.3366
1497.7535 1494.9489 1492.1656 1489.4055 1486.6714 1483.9657 1481.2904 1478.6469 1476.0356 1473.456 1470.9072 1468.3879 1465.8966 1463.4321 1460.9935 1458.5799 1456.1914 1453.828 1451.4901 1449.1786 1446.8942 1444.6376 1442.4099 1440.2117 1438.0436 1435.906 1433.7994 1431.7238 1429.6793 1427.6658 1425.6831 1423.7308 1421.8087 1419.9163 1418.0532 1416.2188 1414.4127 1412.6343 1410.8832 1409.1587 1407.4605 1405.7881 1404.141 1402.5188 1400.9211 1399.3475 1397.7978 1396.2716 1394.7688 1393.2893 1391.8328 1390.3994 1388.989 1387.6018 1386.2379 1384.8975 1383.5809 1382.2885 1381.0207 1379.7781
1494.9834 1492.2971 1489.6295 1486.9819 1484.3564 1481.7551 1479.1795 1476.6309 1474.1099 1471.6165 1469.15 1466.7098 1464.295 1461.9047 1459.5383 1457.1955 1454.8762 1452.5806 1450.3092 1448.0625 1445.8414 1443.6466 1441.4787 1439.3386 1437.2267 1435.1436 1433.0896 1431.0648 1429.0693 1427.1031 1425.1661 1423.2581 1421.3788 1419.5278 1417.7048 1415.9093 1414.141 1412.3994 1410.6841 1408.9947 1407.3307 1405.6917 1404.0773 1402.4872 1400.921 1399.3785 1397.8593 1396.3633 1394.8904 1393.4403 1392.013 1390.6085 1389.2268 1387.8681 1386.5325 1385.2203 1383.9317 1382.6671 1381.4269 1380.2118
1492.3301 1489.7547 1487.1951 1484.6526 1482.1287 1479.6253 1477.1437 1474.6851 1472.2501 1469.8389 1467.4515 1465.0875 1462.7463 1460.4275 1458.1309 1455.8562 1453.6035 1451.3731 1449.1654 1446.9811 1444.8208 1442.6852 1440.575 1438.4908 1436.4332 1434.4026 1432.3993 1430.4237 1428.4757 1426.5555 1424.663 1422.798 1420.9603 1419.1497 1417.3659 1415.6085 1413.8772 1412.1716 1410.4914 1408.8362 1407.2056 1405.5994 1404.0171 1402.4584 1400.9232 1399.4111 1397.9219 1396.4555 1395.0117 1393.5905 1392.1918 1390.8156 1389.462 1388.1311 1386.8231 1385.5383 1384.277 1383.0395 1381.8262 1380.6378
1489.786 1487.3145 1484.8562 1482.4121 1479.9837 1477.5724 1475.1796 1472.8063 1470.4532 1468.1209 1465.8093 1463.5185 1461.2482 1458.9984 1456.7689 1454.5598 1452.3712 1450.2035 1448.0572 1445.9328 1443.8309 1441.7523 1439.6976 1437.6673 1435.662 1433.6821 1431.728 1429.8 1427.8982 1426.0226 1424.1733 1422.3502 1420.5531 1418.7819 1417.0363 1415.3161 1413.6209 1411.9506 1410.3047 1408.683 1407.0853 1405.5111 1403.9602 1402.4324 1400.9275 1399.4452 1397.9854 1396.548 1395.1328 1393.7399 1392.3691 1391.0206 1389.6944 1388.3907 1387.1097 1385.8516 1384.6168 1383.4057 1382.2186 1381.0561
