qgis/housing_costs_clipped_idw_2.asc
NCOLS 300
NROWS 300
XLLCORNER -74.3001
YLLCORNER 40.4664
DX 0.00214
DY 0.00154
NODATA_VALUE -9999
[rows 234 to 259 of 300, columns 120 to 179 of 300]
1338.893 1333.375 1327.6524 1321.6715 1315.3732 1308.6903 1301.5463 1293.8518 1285.5003 1276.3629 1266.2781 1255.0337 1242.3275 1227.6751 1210.2196 1188.4358 1159.9548 1121.9846 1072.4066 1011.4346 946.33651 901.64874 909.27425 956.46365 1002.0198 1027.8793 1033.19 1020.7125 1001.6258 1001.9795 1032.424 1071.1648 1101.2645 1121.6337 1136.3284 1149.062 1162.4604 1178.1213 1196.3974 1216.3679 1236.0959 1254.1243 1270.7714 1287.1245 1303.6186 1319.8462 1334.7661 1346.6754 1353.6904 1355.2078 1352.583 1347.9063 1342.6164 1337.2465 1331.8754 1326.6932 1322.4316 1320.3592 1321.5745 1326.1086
1338.7311 1333.2603 1327.5903 1321.671 1315.4463 1308.8532 1301.8188 1294.258 1286.0689 1277.1264 1267.2723 1256.2967 1243.904 1229.6493 1212.8372 1192.4168 1167.008 1135.2681 1096.7096 1053.1615 1011.4494 985.39682 987.29297 1010.8951 1037.5689 1055.3848 1061.6206 1058.5751 1053.6805 1058.1691 1076.148 1099.9764 1121.498 1138.4331 1152.0288 1164.2708 1176.8214 1190.7106 1206.179 1222.6948 1239.2603 1255.1062 1270.1748 1284.7882 1299.0535 1312.6394 1324.8066 1334.5106 1340.7608 1343.2367 1342.5217 1339.6003 1335.1943 1329.5302 1322.5743 1314.6193 1307.0633 1302.6276 1303.8284 1310.6849
1338.6607 1333.2483 1327.6437 1321.8001 1315.6653 1309.1803 1302.2773 1294.8768 1286.8839 1278.1825 1268.6264 1258.0244 1246.1174 1232.5418 1216.7886 1198.191 1176.021 1149.7989 1119.8917 1088.4514 1060.4894 1043.4478 1042.3811 1054.0319 1069.3935 1081.3283 1087.3484 1088.7201 1089.6586 1095.37 1107.7334 1123.8287 1139.7531 1153.7296 1165.9405 1177.3499 1188.9367 1201.3461 1214.7447 1228.8402 1243.0862 1257.0196 1270.4721 1283.4549 1295.9004 1307.5149 1317.7731 1326.0105 1331.6405 1334.4249 1334.5436 1332.3386 1327.9424 1321.0767 1311.1963 1298.2562 1284.3994 1275.2491 1276.6739 1288.4061
1338.6779 1333.334 1327.8062 1322.0512 1316.0208 1309.6605 1302.9082 1295.6914 1287.9243 1279.5028 1270.2987 1260.1488 1248.843 1236.108 1221.602 1204.9423 1185.8144 1164.2122 1140.8319 1117.5653 1097.7713 1085.4822 1082.931 1088.3355 1097.0721 1104.9832 1110.239 1113.3668 1116.5843 1122.4246 1131.8437 1143.6531 1155.9486 1167.5808 1178.4063 1188.8485 1199.448 1210.5905 1222.3844 1234.6644 1247.1091 1259.4107 1271.38 1282.9071 1293.8469 1303.9372 1312.79 1319.9525 1325.024 1327.7695 1328.1146 1325.9622 1320.9023 1311.9374 1297.4322 1276.0092 1250.0919 1231.1362 1233.5461 1255.7621
1338.7784 1333.5121 1328.0713 1322.4163 1316.5029 1310.2818 1303.6969 1296.6835 1289.166 1281.0547 1272.2416 1262.5954 1251.9561 1240.1337 1226.9195 1212.1271 1195.689 1177.8262 1159.2825 1141.539 1126.7794 1117.2507 1114.0154 1116.0672 1120.9154 1126.135 1130.4731 1134.0548 1137.9816 1143.5104 1151.1482 1160.3846 1170.2635 1180.0852 1189.6495 1199.1146 1208.7584 1218.7971 1229.2911 1240.1372 1251.1292 1262.0462 1272.7081 1282.9652 1292.6468 1301.5196 1309.2819 1315.5963 1320.1454 1322.6658 1322.8967 1320.3979 1314.2219 1302.4234 1281.4887 1246.7317 1198.4956 1158.9942 1164.5338 1208.9367
1338.9578 1333.7771 1328.4321 1322.8868 1317.1014 1311.0317 1304.6278 1297.8333 1290.5834 1282.8033 1274.4059 1265.2906 1255.3436 1244.4435 1232.4801 1219.3946 1205.2549 1190.3664 1175.3978 1161.451 1149.9425 1142.1727 1138.6893 1138.9141 1141.4545 1144.8767 1148.3413 1151.7887 1155.7275 1160.7751 1167.1962 1174.7556 1182.9552 1191.3747 1199.8379 1208.3804 1217.1304 1226.1967 1235.6026 1245.2727 1255.0619 1264.801 1274.3279 1283.4873 1292.1079 1299.9823 1306.8628 1312.475 1316.536 1318.7437 1318.6931 1315.6642 1308.196 1293.2614 1264.7478 1211.9452 1127.3423 1049.2553 1062.4672 1148.0934
1339.2114 1334.1231 1328.8816 1323.4544 1317.806 1311.8973 1305.685 1299.1208 1292.1506 1284.7141 1276.7439 1268.1672 1258.9089 1248.9008 1238.101 1226.5284 1214.316 1201.7786 1189.4731 1178.2023 1168.8968 1162.3421 1158.8462 1158.0755 1159.2283 1161.4415 1164.1524 1167.2337 1170.8901 1175.4101 1180.921 1187.3008 1194.2766 1201.592 1209.1091 1216.8105 1224.7418 1232.9463 1241.4204 1250.1003 1258.874 1267.6054 1276.1512 1284.3638 1292.0823 1299.1214 1305.2683 1310.2839 1313.898 1315.7735 1315.3994 1311.8455 1303.2364 1285.5899 1250.2162 1179.215 1051.988 926.0866 949.96794 1087.1012
1339.5344 1334.5443 1329.4126 1324.1103 1318.6061 1312.8659 1306.8526 1300.526 1293.8421 1286.7539 1279.2118 1271.1663 1262.5732 1253.4033 1243.6596 1233.4039 1222.793 1212.1168 1201.8217 1192.4906 1184.7474 1179.0885 1175.7037 1174.4021 1174.7119 1176.1032 1178.1954 1180.8487 1184.1184 1188.1226 1192.91 1198.4049 1204.4471 1210.874 1217.5805 1224.5284 1231.7193 1239.1576 1246.8215 1254.6519 1262.556 1270.4194 1278.1162 1285.5112 1292.4568 1298.787 1304.3131 1308.8171 1312.0352 1313.6075 1312.9596 1309.0413 1299.7541 1280.6303 1241.7072 1161.4714 1012.6793 868.91864 895.40332 1055.7141
1339.9219 1335.0348 1330.018 1324.8459 1319.4912 1313.9246 1308.1152 1302.0298 1295.634 1288.8924 1281.7706 1274.2383 1266.2746 1257.8773 1249.0771 1239.9565 1230.6732 1221.4793 1212.7272 1204.8421 1198.2529 1193.2876 1190.0743 1188.5062 1188.3014 1189.1279 1190.7253 1192.9649 1195.8324 1199.359 1203.5492 1208.3464 1213.6475 1219.3435 1225.353 1231.6312 1238.1571 1244.9129 1251.8653 1258.9574 1266.1084 1273.2194 1280.179 1286.8654 1293.1449 1298.868 1303.8639 1307.9307 1310.8118 1312.1419 1311.3292 1307.3067 1297.9968 1279.113 1241.4982 1166.7699 1035.5138 909.94291 933.73183 1072.5982
1340.369 1335.5887 1330.6907 1325.6527 1320.4512 1315.0614 1309.4578 1303.6141 1297.504 1291.1024 1284.3872 1277.343 1269.966 1262.2719 1254.3066 1246.1599 1237.9788 1229.9765 1222.4292 1215.6511 1209.9447 1205.5363 1202.5191 1200.8368 1200.3189 1200.7539 1201.9611 1203.831 1206.3203 1209.4176 1213.1038 1217.3303 1222.0241 1227.1067 1232.5131 1238.1975 1244.1282 1250.275 1256.5985 1263.0431 1269.5362 1275.9908 1282.3077 1288.3777 1294.0802 1299.2802 1303.8222 1307.519 1310.1264 1311.2918 1310.4497 1306.611 1297.9387 1280.8885 1248.6398 1189.8466 1098.2068 1016.7507 1031.2498 1122.5466
1340.8708 1336.2001 1331.4238 1326.5225 1321.4762 1316.2644 1310.8666 1305.2623 1299.4323 1293.3601 1287.0336 1280.4484 1273.6126 1266.5531 1259.3229 1252.011 1244.7491 1237.7148 1231.1249 1225.2147 1220.2037 1216.2542 1213.4382 1211.7293 1211.0241 1211.1858 1212.0876 1213.6396 1215.7899 1218.508 1221.763 1225.5108 1229.6947 1234.254 1239.1346 1244.2924 1249.6908 1255.2936 1261.0583 1266.9312 1272.846 1278.7246 1284.4789 1290.0106 1295.2114 1299.9592 1304.1129 1307.5007 1309.8969 1310.9777 1310.2371 1306.8313 1299.2956 1285.0704 1259.9555 1218.8465 1163.2547 1119.3185 1126.5352 1177.6633
1341.4223 1336.8633 1332.2105 1327.4473 1322.557 1317.5229 1312.3287 1306.9593 1301.4015 1295.6455 1289.687 1283.5298 1277.1898 1270.6999 1264.1156 1257.5204 1251.0296 1244.7903 1238.9737 1233.7589 1229.309 1225.7448 1223.1243 1221.4389 1220.6262 1220.5964 1221.2596 1222.5438 1224.3978 1226.7841 1229.6673 1233.0065 1236.7544 1240.8613 1245.2806 1249.9704 1254.8926 1260.0086 1265.2752 1270.6406 1276.0442 1281.4153 1286.6749 1291.7349 1296.4979 1300.8542 1304.6766 1307.81 1310.0522 1311.1193 1310.5852 1307.7815 1301.6438 1290.5368 1272.2996 1245.4699 1213.6508 1191.2103 1195.0751 1222.9071
1342.0188 1337.5728 1333.0444 1328.4197 1323.6849 1318.8266 1313.8325 1308.6918 1303.3963 1297.9416 1292.3291 1286.5685 1280.6805 1274.7008 1268.6837 1262.7056 1256.8663 1251.2872 1246.1047 1241.4573 1237.4694 1234.2333 1231.7974 1230.1632 1229.2938 1229.1298 1229.6068 1230.6677 1232.266 1234.3635 1236.9244 1239.9106 1243.2809 1246.9927 1251.0046 1255.2773 1259.7731 1264.4529 1269.2741 1274.1876 1279.1372 1284.0591 1288.8821 1293.5273 1297.9074 1301.9243 1305.4645 1308.3909 1310.5277 1311.6365 1311.3772 1309.2546 1304.5581 1296.3584 1283.7605 1266.8854 1248.9509 1237.5632 1240.1607 1256.0515
1342.6557 1338.3231 1333.9193 1329.4326 1324.8517 1320.1664 1315.3676 1310.4481 1305.4037 1300.2343 1294.9456 1289.5509 1284.0738 1278.5503 1273.0321 1267.5876 1262.3026 1257.2777 1252.6223 1248.4456 1244.844 1241.8905 1239.6258 1238.0573 1237.1638 1236.906 1237.2375 1238.1129 1239.4921 1241.339 1243.6193 1246.2978 1249.338 1252.702 1256.3524 1260.2526 1264.3658 1268.6541 1273.076 1277.5855 1282.1307 1286.6537 1291.0901 1295.3695 1299.4137 1303.1358 1306.4358 1309.1948 1311.2645 1312.452 1312.499 1311.0599 1307.6982 1301.9517 1293.5908 1283.2293 1273.1859 1267.5127 1269.6835 1279.5294
1343.3286 1339.1094 1334.8295 1330.4793 1326.0501 1321.5339 1316.9245 1312.2178 1307.4127 1302.5124 1297.5254 1292.4674 1287.3631 1282.2478 1277.1693 1272.1883 1267.3784 1262.8232 1258.6116 1254.8305 1251.5566 1248.8484 1246.741 1245.2445 1244.348 1244.0253 1244.2426 1244.9643 1246.156 1247.7854 1249.8206 1252.2294 1254.9788 1258.0348 1261.3632 1264.9296 1268.6992 1272.6353 1276.6987 1280.8462 1285.03 1289.1973 1293.2904 1297.2461 1300.995 1304.4605 1307.5556 1310.1792 1312.2093 1313.4954 1313.8494 1313.0441 1310.8344 1307.0358 1301.7174 1295.5343 1290.0368 1287.4459 1289.4999 1296.1903
1344.0332 1339.9267 1335.7695 1331.554 1327.2732 1322.9216 1318.4952 1313.9923 1309.4143 1304.7668 1300.0602 1295.3115 1290.5454 1285.7956 1281.1057 1276.5294 1272.1296 1267.9763 1264.1422 1260.6977 1257.7047 1255.2111 1253.2472 1251.8245 1250.9383 1250.5712 1250.6987 1251.2926 1252.3241 1253.7645 1255.5849 1257.7563 1260.2483 1263.0302 1266.0706 1269.3374 1272.7976 1276.4166 1280.1574 1283.9796 1287.8394 1291.689 1295.4762 1299.1446 1302.633 1305.8742 1308.7936 1311.3066 1313.3153 1314.7054 1315.3458 1315.0959 1313.8343 1311.5261 1308.3472 1304.8495 1302.0465 1301.2017 1303.2444 1308.2104
1344.7655 1340.7705 1336.7343 1332.6509 1328.515 1324.3228 1320.0724 1315.7641 1311.401 1306.9904 1302.5439 1298.079 1293.6199 1289.1979 1284.8527 1280.6313 1276.5879 1272.7813 1269.2715 1266.1164 1263.3665 1261.0617 1259.2283 1257.8782 1257.0105 1256.614 1256.6706 1257.158 1258.0522 1259.3281 1260.9599 1262.9211 1265.1844 1267.7216 1270.5038 1273.501 1276.6823 1280.0152 1283.465 1286.9945 1290.5633 1294.128 1297.6418 1301.0546 1304.3122 1307.3564 1310.1238 1312.5447 1314.542 1316.0314 1316.9248 1317.1416 1316.6353 1315.4424 1313.7571 1312.0053 1310.85 1311.0389 1313.0995 1317.0746
1345.5218 1341.6367 1337.7194 1333.765 1329.7699 1325.7318 1321.6502 1317.527 1313.3667 1309.1777 1304.9722 1300.7678 1296.5873 1292.46 1288.4215 1284.5131 1280.7814 1277.2761 1274.0474 1271.1432 1268.6055 1266.4677 1264.7527 1263.4724 1262.6281 1262.2129 1262.2133 1262.6117 1263.3879 1264.5202 1265.9858 1267.7607 1269.82 1272.138 1274.6879 1277.442 1280.3715 1283.4459 1286.633 1289.8984 1293.2051 1296.5139 1299.7827 1302.967 1306.0193 1308.8894 1311.5238 1313.8659 1315.8559 1317.4329 1318.5404 1319.1371 1319.2183 1318.8492 1318.206 1317.6058 1317.4874 1318.3102 1320.3899 1323.7653
1346.2984 1342.5215 1338.7205 1334.8918 1331.0331 1327.1433 1323.2232 1319.2757 1315.3066 1311.3246 1307.3423 1303.3768 1299.4498 1295.588 1291.8234 1288.1922 1284.7348 1281.4933 1278.51 1275.8251 1273.4737 1271.4842 1269.8767 1268.6625 1267.8444 1267.4182 1267.3738 1267.6974 1268.3719 1269.3786 1270.6972 1272.3063 1274.1832 1276.3043 1278.6451 1281.1797 1283.8814 1286.7219 1289.6713 1292.6979 1295.7682 1298.8464 1301.8949 1304.8742 1307.743 1310.458 1312.9746 1315.2469 1317.2293 1318.8788 1320.1608 1321.0586 1321.5888 1321.8229 1321.9086 1322.0785 1322.6278 1323.849 1325.9397 1328.9324
1347.092 1343.4211 1339.7337 1336.0272 1332.3003 1328.5529 1324.787 1321.0061 1317.2168 1313.428 1309.6525 1305.9065 1302.2103 1298.5883 1295.0691 1291.6846 1288.4698 1285.4606 1282.6931 1280.2011 1278.0143 1276.1572 1274.6473 1273.4952 1272.7044 1272.2727 1272.1926 1272.4529 1273.0394 1273.9358 1275.1243 1276.5854 1278.2988 1280.2428 1282.3947 1284.7308 1287.2261 1289.8546 1292.5886 1295.3991 1298.2554 1301.1253 1303.9751 1306.77 1309.4738 1312.0495 1314.46 1316.6685 1318.6404 1320.3459 1321.7651 1322.8958 1323.764 1324.437 1325.0335 1325.7239 1326.7103 1328.185 1330.2765 1333.0113
1347.8997 1344.3324 1340.7555 1337.1674 1333.5676 1329.9569 1326.3378 1322.7147 1319.0943 1315.486 1311.9019 1308.3577 1304.872 1301.4671 1298.1686 1295.0047 1292.0055 1289.2022 1286.6255 1284.3042 1282.2638 1280.5252 1279.1039 1278.0096 1277.2464 1276.8132 1276.7044 1276.911 1277.421 1278.2203 1279.2931 1280.622 1282.1884 1283.9726 1285.9538 1288.11 1290.4182 1292.8542 1295.3928 1298.0071 1300.6694 1303.3507 1306.0208 1308.6488 1311.2034 1313.653 1315.9667 1318.1151 1320.0719 1321.8171 1323.3402 1324.647 1325.7658 1326.7556 1327.7101 1328.7543 1330.0293 1331.6647 1333.7474 1336.2983
1348.7186 1345.2524 1341.7829 1338.3093 1334.8318 1331.3518 1327.8725 1324.3986 1320.937 1317.497 1314.0904 1310.7318 1307.4385 1304.2308 1301.1315 1298.1654 1295.3589 1292.739 1290.3319 1288.1626 1286.2528 1284.6206 1283.2799 1282.2393 1281.5033 1281.0713 1280.9394 1281.1002 1281.5434 1282.2569 1283.2267 1284.437 1285.8712 1287.5111 1289.3376 1291.3305 1293.4687 1295.7298 1298.0906 1300.5267 1303.0128 1305.5227 1308.0296 1310.5062 1312.9251 1315.2595 1317.4837 1319.574 1321.5108 1323.2804 1324.8786 1326.3147 1327.6161 1328.8324 1330.0367 1331.3213 1332.7863 1334.5214 1336.5869 1338.9993
1349.5461 1346.1782 1342.813 1339.4499 1336.09 1332.735 1329.3885 1326.0556 1322.7432 1319.4604 1316.2184 1313.0308 1309.9138 1306.8855 1303.9665 1301.1786 1298.545 1296.0891 1293.8337 1291.8001 1290.0074 1288.4713 1287.2038 1286.2131 1285.5033 1285.0746 1284.924 1285.0454 1285.4302 1286.0676 1286.9453 1288.0492 1289.364 1290.8733 1292.5595 1294.4041 1296.3876 1298.4895 1300.6884 1302.9622 1305.2878 1307.6416 1309.9999 1312.3383 1314.6332 1316.8616 1319.0019 1321.0354 1322.9469 1324.7275 1326.3764 1327.9042 1329.3354 1330.7111 1332.0878 1333.5342 1335.1223 1336.9157 1338.9571 1341.2595
1350.3798 1347.1076 1343.8432 1340.5868 1337.3396 1334.104 1330.8838 1327.6841 1324.5118 1321.3757 1318.2865 1315.2569 1312.3015 1309.437 1306.6816 1304.0548 1301.577 1299.2685 1297.1492 1295.2376 1293.5503 1292.1009 1290.9002 1289.9556 1289.2709 1288.8469 1288.6812 1288.7686 1289.102 1289.6718 1290.467 1291.475 1292.6819 1294.0728 1295.6316 1297.3412 1299.1838 1301.1405 1303.1917 1305.3173 1307.4965 1309.7079 1311.9302 1314.1422 1316.323 1318.453 1320.5142 1322.4913 1324.3729 1326.1528 1327.8322 1329.4215 1330.9421 1332.427 1333.9202 1335.4729 1337.1379 1338.9608 1340.9725 1343.1834
1351.2176 1348.0382 1344.8714 1341.7176 1338.5786 1335.457 1332.3566 1329.2827 1326.2421 1323.2431 1320.2959 1317.4122 1314.6055 1311.8908 1309.2844 1306.8038 1304.4668 1302.2913 1300.2947 1298.4931 1296.9008 1295.5301 1294.3904 1293.4884 1292.8277 1292.4092 1292.2311 1292.2892 1292.577 1293.0865 1293.8076 1294.7291 1295.8384 1297.1218 1298.5647 1300.1513 1301.8652 1303.6893 1305.6057 1307.5959 1309.641 1311.722 1313.8197 1315.9153 1317.9907 1320.0289 1322.0148 1323.9359 1325.7831 1327.5525 1329.246 1330.8731 1332.4517 1334.0084 1335.5772 1337.1967 1338.9058 1340.7379 1342.7157 1344.8473
1352.0576 1348.9682 1345.8955 1342.8406 1339.8052 1336.7922 1333.8056 1330.8505 1327.9337 1325.0629 1322.2478 1319.4992 1316.8294 1314.252 1311.7818 1309.4342 1307.225 1305.1699 1303.2842 1301.5821 1300.0761 1298.7769 1297.6929 1296.8302 1296.1922 1295.7797 1295.5916 1295.624 1295.8717 1296.3271 1296.9816 1297.8249 1298.8457 1300.0313 1301.3685 1302.8428 1304.4393 1306.1421 1307.9349 1309.801 1311.7233 1313.6845 1315.6676 1317.6558 1319.6333 1321.5854 1323.4993 1325.3644 1327.1738 1328.9245 1330.6187 1332.2648 1333.8775 1335.4779 1337.0922 1338.7498 1340.4796 1342.3064 1344.2469 1346.3076
